0.51465076 0.12206751 -0.85258836
0.31262057 0.23289939 -0.87501116
-0.89145953 -0.62583755 -0.39609465
-0.30122110 0.30117137 -0.60157903
-0.62472589 0.45331727 -0.59944315
0.84299767 0.89760372 -0.85138708
-0.87025079 -0.30761874 -0.14217210
0.03979583 0.79481345 -0.43913448
-0.27533677 0.99414562 -0.37789357
-1.07215610 -0.20265156 -0.16808134
-0.12819800 0.92514636 -0.41811251
-0.31877289 1.16511540 -0.17319407
-1.07376512 -0.32904472 0.10526156
-1.31805909 -0.25846261 0.11522437
-0.37236653 0.85099257 -0.16570135
0.72133733 0.22273688 -1.09727174
-0.04374586 0.07766235 -0.07064039
0.45702145 0.77971691 -0.31930575
-0.07996682 0.47803416 -0.92178957
-0.57390254 -0.47228627 -0.71958209
0.00969245 0.35732155 -0.85382855
-0.19950717 0.47049587 -0.76828992
-0.13856516 0.06189080 0.07267335
-0.62066937 -0.40250744 -0.64048332
-0.06253016 0.36096979 -0.75352293
-0.52681831 -0.19336468 -0.45846511
0.32501584 0.81787325 -0.67168989
0.12410090 0.97563598 -0.53377885
-0.16666347 0.22236319 0.29589764
-0.62161765 -0.15341551 -0.29745979
0.20406326 0.79423730 -0.50706823
-0.63997017 -0.25531966 -0.21751565
-0.77111716 -0.22428125 -0.12678374
0.09882542 0.80016660 -0.32462699
-0.50439370 -0.24710320 -0.18540093
0.73313941 0.06989130 -0.78821308
-0.44222580 -0.76135030 -0.36239763
0.16871446 0.11198356 -0.55824734
-0.12091585 0.24181819 -0.55153564
-0.62131617 -0.72514354 -0.41104008
0.02256132 0.18417354 -0.55004796
-0.15365363 0.37457538 -0.34602064
-0.54604037 -0.80586344 -0.13948745
-0.77351700 -0.80828487 -0.18847485
-0.11800773 0.08786950 -0.34834950
-0.55570069 -0.40566088 -0.11192492
0.35301503 0.68184809 -0.34850447
0.18185802 0.90738746 -0.10481076
-0.52320416 -0.53838809 0.14513806
-0.73691169 -0.48879390 0.16081472
0.17825593 0.57843303 -0.10769506
-0.67102195 -0.47394995 0.14782392
-0.77178009 -0.36542348 0.35657436
0.15983539 0.72409672 0.11605664
-0.63629584 -0.62677416 0.31154700
0.33761991 -0.62073162 -0.77545415
0.88571190 0.16299218 -0.89426309
0.72084222 0.25343128 -0.81588246
0.86141717 -0.10595706 -0.04041921
0.42947683 -0.59044050 -0.74090724
0.94287333 0.13057447 -0.83574511
0.34147745 -0.69852759 -0.56142477
0.22763010 -0.73354796 -0.53208563
0.79552833 0.07765453 -0.61656016
0.80764958 -0.48791922 -0.75347176
0.34666426 -0.45605266 -0.27338026
0.24620730 -0.44153554 -0.18616673
1.01825448 0.50760547 -0.34710674
0.59382559 -0.48203436 -0.27811784
0.41154279 -0.59976542 -0.03668935
0.51176723 0.40792098 -0.46075436
-0.71011863 -0.51933546 -0.05533530
-0.06426998 0.40396599 -0.23750504
-0.36014678 0.58223594 -0.18093096
-0.89912685 -0.42423503 -0.05890780
-0.22148851 0.52644675 -0.19257221
-0.39601101 0.74686568 0.04363906
-0.83737321 -0.57539891 0.17458279
-1.06450277 -0.52291061 0.18241784
-0.37752401 0.41602169 0.02889416
-0.80233159 -0.06180450 0.26209540
0.30493167 1.31883527 0.24238272
0.14889847 1.58315819 0.52102281
-0.77915770 -0.25375676 0.48477277
-0.99447484 -0.15666087 0.55427984
0.11608026 1.20527133 0.50721996
-0.93667006 -0.13911599 0.52702118
-1.03218444 -0.00160414 0.76954424
0.09500004 1.38283994 0.75190031
-0.91447249 -0.30701525 0.70950194
-0.26899720 -0.45132118 -0.35359527
0.33440320 0.39841342 -0.46840398
0.14709653 0.53875213 -0.33733628
0.14512485 -0.06532740 0.34419554
-0.29063394 -0.45316432 -0.23808805
0.29458583 0.34005361 -0.33960807
-0.31520422 -0.54202696 -0.12599033
-0.43462596 -0.52553388 -0.04042566
0.19406141 0.34543553 -0.13079179
-0.10957232 -0.56455702 -0.12440454
-0.26459042 -0.24001067 0.18784620
-0.37345333 -0.18150210 0.32642935
0.65924355 1.09860309 0.36136999
-0.10928274 -0.30268505 0.25766022
-0.23596616 -0.35673601 0.48139577
-0.29768969 -0.67107333 -0.00040566
0.36390261 0.25129676 -0.12770503
0.20563368 0.45959569 0.10806083
-0.20646254 -0.82888150 0.22005287
-0.40673568 -0.79445765 0.23336735
0.26743209 0.11436138 0.08511878
-0.34698550 -0.76856881 0.24628471
-0.43676130 -0.67468246 0.44830572
0.25310911 0.25728434 0.32837592
-0.24430397 -0.95035076 0.38808829
-0.27920823 -0.43256809 0.59002369
-0.36156756 -0.30579349 0.83333770
0.74340439 1.04604617 0.86807394
-0.20639301 -0.62324605 0.76915043
-0.22242734 -0.49072836 1.00425329
1.33256732 -1.08876303 -0.14065965
1.24324699 -1.08747971 -0.05901373
1.86676929 -0.28512315 -0.13149692
1.68748792 -1.12433371 -0.21044037
1.48631571 -1.27039894 0.09037595
1.48961764 -0.96345219 0.47281899
