      0.01357277
      0.04828187
      0.07778816
      0.04385918
      0.07067338
      0.06276526
      0.13426909
      0.13226843
      0.11435407
      0.10967922
      0.08136101
      0.06339028
      0.14181633
      0.14293297
      0.09238245
      0.02633745
      0.01486132
      0.02063762
      0.06265840
      0.09266198
      0.01545872
      0.06472199
      0.07201432
      0.04672534
      0.06214400
      0.09208734
      0.01873679
      0.02780072
      0.01734626
      0.03560570
      0.01716337
      0.04797046
      0.03110578
      0.07413615
      0.10455738
      0.02961053
      0.10564461
      0.10794158
      0.04203952
      0.06979272
      0.06904603
      0.05668702
      0.13258731
      0.13049659
      0.09872134
      0.09493326
      0.10615595
      0.13162480
      0.11393033
      0.11281012
      0.10842484
      0.09467225
      0.09637728
      0.13901088
      0.08490385
      0.07906235
      0.08607344
      0.11574189
      0.11267304
      0.07198261
      0.08154781
      0.11164828
      0.10699216
      0.05804014
      0.09568390
      0.09992726
      0.11602743
      0.14164351
      0.07150699
      0.06766847
      0.06270065
      0.08689543
      0.07842360
      0.02248411
      0.05687148
      0.07273225
      0.03106886
      0.02471923
      0.05173500
      0.06638522
      0.02855379
      0.04882648
      0.06353598
      0.08745818
      0.06567236
      0.08031662
      0.05252200
      0.04541833
      0.06643889
      0.08578925
      0.06768455
      0.03981093
      0.06401289
      0.08529614
      0.07047891
      0.04498557
      0.05678382
      0.06707202
      0.09227418
      0.10919794
      0.01595656
      0.03167165
      0.03620676
      0.04570275
      0.03459754
      0.06596740
      0.07885391
      0.04433928
      0.03278243
      0.06192524
      0.07657752
      0.04644086
      0.05745221
      0.07043515
      0.09473719
      0.10917912
      0.10526429
      0.10262607
      0.10919736
      0.12974505
      0.12028255
      0.08537768
      0.08361619
      0.09252387
      0.10913943
      0.09911683
      0.07969746
      0.08794253
      0.10669337
      0.09543105
      0.08590492
      0.10171711
      0.09254444
      0.10813437
      0.10509764
      0.12053649
      0.09008341
      0.09183753
      0.11405568
      0.11723290
      0.07767904
      0.08690187
      0.11171962
      0.11006715
      0.07484742
      0.09653485
      0.11215702
      0.10236609
      0.11824558
      0.13660462
      0.06286940
      0.07337375
      0.09260801
      0.09036849
      0.06807920
      0.08313461
      0.09263937
      0.09148265
      0.10099336
      0.11674291
      0.06118100
      0.07955320
      0.08479811
      0.08877268
      0.09352311
      0.11270499
      0.07385014
      0.09482650
      0.10992793
      0.11664101
      0.05404643
      0.05131532
      0.07234208
      0.08290789
      0.06430669
      0.04756173
      0.06800208
      0.08100587
      0.06064365
      0.06685404
      0.07329841
      0.05678217
      0.09319106
      0.08249725
      0.09135754
      0.02338724
      0.04689725
      0.05464428
      0.02763210
      0.04652682
      0.05047112
      0.03083315
      0.07180218
      0.05982284
      0.06404197
      0.04283043
      0.04862684
      0.02870693
      0.06919234
      0.05603600
      0.06176095
      0.06582247
      0.05291400
      0.05669854
      0.08232567
      0.03275774
      0.05574449
      0.06760571
      0.05750254
      0.05346332
      0.07562867
      0.07882856
      0.08624703
      0.04496849
      0.05265436
      0.05187920
      0.07592912
      0.07303061
      0.08455548
      0.05451552
      0.07311071
      0.07759331
      0.09769696
      0.03041286
      0.03394770
      0.05760540
      0.05342139
      0.05899120
      0.04700582
      0.05388755
      0.05447444
      0.07662540
      0.04631693
      0.04916447
      0.05393446
      0.07521702
      0.06997448
      0.09089479
      0.08982352
      0.09553234
      0.10942731
      0.10450950
      0.08615142
      0.09175801
      0.10774167
      0.10094869
      0.08951766
      0.10246191
      0.09852314
      0.10766472
      0.10710891
      0.12364540
      0.07230114
      0.07900298
      0.09167944
      0.08555609
      0.07772392
      0.08747768
      0.08334048
      0.09372023
      0.09391903
      0.10726522
      0.07385974
      0.08623540
      0.07977355
      0.09206969
      0.08970270
      0.10567013
      0.08771894
      0.08901180
      0.10117960
      0.10856898
      0.06721335
      0.07693731
      0.09403758
      0.09383915
      0.07266011
      0.08378016
      0.09753282
      0.09189509
      0.10312046
      0.11849701
      0.06462078
      0.08117871
      0.08827199
      0.09026163
      0.09461311
      0.11489327
      0.07619475
      0.09840207
      0.11248320
      0.11748295
      0.05622662
      0.06780402
      0.07456404
      0.07766728
      0.08228022
      0.09902952
      0.06846215
      0.08634137
      0.09719742
      0.10312422
      0.06561832
      0.07758649
      0.09920145
      0.09782948
      0.03864326
      0.06346864
      0.04961187
      0.05726074
      0.05734158
      0.04741550
      0.07693160
      0.07041059
      0.07605030
      0.05346768
      0.05610461
      0.04389720
      0.07518829
      0.06624509
      0.07416745
      0.07205956
      0.06570182
      0.06896764
      0.08999411
      0.03912494
      0.03875883
      0.02679413
      0.05845862
      0.05128041
      0.05390307
      0.05612052
      0.05082317
      0.05016845
      0.07202174
      0.05474062
      0.04719030
      0.04898657
      0.07018709
      0.06710221
      0.03981751
      0.04240494
      0.04362432
      0.06502229
      0.06324010
      0.07190680
      0.05407054
      0.06646276
      0.06643192
      0.08535774
      0.05391402
      0.05953379
      0.06561115
      0.08403654
      0.07983568
      0.03891755
      0.04425686
      0.04552155
      0.06458513
      0.06166846
      0.06092880
     -0.01840529
     -0.00498952
      0.06656488
     -0.00245677
      0.00491243
      0.07109989
     -0.01160008
      0.00148677
      0.09287766
