      0.01247632       0.01186312       0.01516084       0.01189758       0.01646600
      0.04731654       0.04970616       0.04615184       0.04522018       0.05301465
      0.08005027       0.07394574       0.08068348       0.07601503       0.07824627
      0.04043610       0.04409920       0.04344580       0.04276940       0.04854540
      0.07308725       0.07724477       0.07185534       0.06500329       0.06617627
      0.05973820       0.05988704       0.06919194       0.06199901       0.06301010
      0.13847785       0.13353918       0.13444029       0.12682730       0.13806085
      0.12423756       0.14663935       0.13232434       0.12669063       0.13145030
      0.11776225       0.11717623       0.11379588       0.10674873       0.11628731
      0.11120962       0.10955677       0.11070598       0.10527060       0.11165316
      0.08335443       0.08252893       0.08124684       0.07883583       0.08083904
      0.06240087       0.06957901       0.06470080       0.05944966       0.06082108
      0.13252562       0.15856898       0.14146806       0.13621604       0.14030293
      0.14631407       0.15020463       0.14317247       0.13039979       0.14457390
      0.09470488       0.09232683       0.09049080       0.08920941       0.09518031
      0.02689694       0.02531537       0.02909076       0.02173054       0.02865364
      0.01640551       0.01816543       0.01807267       0.00960220       0.01206080
      0.02161788       0.01819385       0.02359290       0.01135574       0.02842771
      0.06185790       0.06200939       0.06465477       0.05754936       0.06722057
      0.09516074       0.09708307       0.09215011       0.09098016       0.08793581
      0.01798370       0.01678694       0.01508398       0.00829940       0.01913957
      0.06735999       0.06322551       0.06397565       0.06305207       0.06599669
      0.07319599       0.07075189       0.07227559       0.06997368       0.07387444
      0.04621811       0.04466215       0.04987901       0.04483225       0.04803519
      0.06073908       0.06058052       0.06484416       0.06002651       0.06452976
      0.09364220       0.09106079       0.08917379       0.09338933       0.09317059
      0.02039250       0.01790379       0.01956662       0.01355775       0.02226330
      0.02907328       0.02601478       0.02838928       0.02732565       0.02820060
      0.01762368       0.01618423       0.01969348       0.01295411       0.02027578
      0.03670964       0.03500292       0.03640656       0.03323087       0.03667851
      0.01727007       0.01429132       0.02025529       0.01592771       0.01807245
      0.04558683       0.04598052       0.05493404       0.04647487       0.04687605
      0.03287099       0.03174559       0.03096928       0.02320747       0.03673557
      0.07367561       0.07809038       0.07450870       0.06796140       0.07644469
      0.10571639       0.10189406       0.10648866       0.10394489       0.10474291
      0.03057173       0.02864713       0.02980610       0.02323270       0.03579499
      0.11036802       0.10637401       0.10664321       0.09691902       0.10791877
      0.10952886       0.10812425       0.10910249       0.10661273       0.10633958
      0.03971242       0.04109699       0.04059871       0.04208948       0.04670002
      0.07014746       0.06435131       0.07134344       0.07059617       0.07252520
      0.06860508       0.06566739       0.07016915       0.06985857       0.07092995
      0.05844257       0.05347391       0.05867536       0.05611216       0.05673112
      0.12540966       0.14458789       0.13252670       0.12904885       0.13136354
      0.13240847       0.12922673       0.13034250       0.12745297       0.13305235
      0.10091910       0.09824345       0.10051274       0.09492410       0.09900735
      0.09906214       0.09232946       0.09671146       0.08821438       0.09834888
      0.10867406       0.10448734       0.10815117       0.10130899       0.10815815
      0.13249095       0.13135581       0.13216162       0.13010621       0.13200945
      0.11918750       0.11334830       0.11347377       0.10692909       0.11671297
      0.11505319       0.11165156       0.11332054       0.10886379       0.11516156
      0.10905293       0.10630552       0.10907044       0.10690708       0.11078828
      0.09491087       0.09287078       0.09681643       0.09258620       0.09617698
      0.09498548       0.09753976       0.09786109       0.09391990       0.09758020
      0.14055891       0.13956086       0.14037931       0.13400558       0.14054978
      0.08771771       0.08224251       0.08501052       0.08236262       0.08718587
      0.08318577       0.07783043       0.07961687       0.07416373       0.08051495
      0.08934922       0.08695775       0.08541035       0.08084491       0.08780496
      0.11696482       0.11283990       0.11730413       0.11383802       0.11776254
      0.11636509       0.11361245       0.11383999       0.10614889       0.11339877
      0.07389881       0.06956110       0.07531540       0.06825512       0.07288262
      0.08249899       0.07965896       0.08317541       0.07899101       0.08341470
      0.11215918       0.11138339       0.11250105       0.10982835       0.11236946
      0.10946282       0.10521495       0.11006374       0.10242344       0.10779585
      0.05979606       0.05806026       0.05883397       0.05744268       0.05606773
      0.09385195       0.09409238       0.10033878       0.09403289       0.09610349
      0.09692137       0.10047233       0.10307195       0.09871540       0.10045525
      0.11876947       0.11972934       0.11732704       0.10822396       0.11608731
      0.14176612       0.14093526       0.14447245       0.13827816       0.14276558
      0.07328722       0.06925111       0.07092714       0.07046419       0.07360530
      0.06861323       0.06783526       0.06790463       0.06620937       0.06777984
      0.06387557       0.06017231       0.06197396       0.06052525       0.06695618
      0.08692023       0.08535083       0.08599266       0.08583334       0.09038007
      0.08065149       0.07658910       0.07658087       0.07707422       0.08122231
      0.02216631       0.02074202       0.02615323       0.02016857       0.02319041
      0.05606529       0.05510525       0.05796499       0.05435716       0.06086471
      0.07412880       0.07005661       0.07443281       0.07326898       0.07177404
      0.03191143       0.02893452       0.03289611       0.02847444       0.03312779
      0.02467977       0.02318876       0.02758831       0.02064037       0.02749894
      0.04992890       0.05077194       0.05407653       0.04965078       0.05424686
      0.06808081       0.07080606       0.06704208       0.06564496       0.06035217
      0.02935698       0.02791155       0.03101021       0.02570472       0.02878549
      0.04817908       0.04686294       0.05211613       0.04393912       0.05303511
      0.06387207       0.06039304       0.06506021       0.06349962       0.06485499
      0.08694088       0.08496175       0.08882648       0.08855338       0.08800843
      0.06581479       0.06568050       0.06621545       0.06150991       0.06914119
      0.08181954       0.07840466       0.08082071       0.08066608       0.07987210
      0.05410610       0.04811008       0.05287413       0.05235520       0.05516452
      0.04724269       0.04212984       0.04602522       0.04402763       0.04766626
      0.06807702       0.06318527       0.06564062       0.06469927       0.07059227
      0.08786272       0.08359385       0.08766719       0.08401704       0.08580543
      0.06973324       0.06572079       0.06543937       0.06993573       0.06759365
      0.03953368       0.03688876       0.04179981       0.03913916       0.04169325
      0.06345145       0.06067149       0.06360154       0.06434508       0.06799488
      0.08675047       0.08689322       0.08660312       0.08236882       0.08386505
      0.07138064       0.06750837       0.07082245       0.07094988       0.07173320
      0.04421484       0.04264560       0.04723392       0.04447037       0.04636310
      0.05456123       0.05604615       0.06235099       0.05586775       0.05509299
      0.06909590       0.06458200       0.06630307       0.06483036       0.07054876
      0.09272873       0.09158357       0.09159952       0.09101742       0.09444169
      0.10990295       0.10654365       0.11156765       0.10912699       0.10884844
      0.01597235       0.01343645       0.01802574       0.01331118       0.01903710
      0.03160950       0.02804652       0.03407098       0.03155313       0.03307812
      0.03696087       0.03435228       0.03705828       0.03342213       0.03924027
      0.04568752       0.04126143       0.04951811       0.04576853       0.04627817
      0.03616856       0.03325219       0.03545810       0.03030768       0.03780119
      0.06578274       0.06659666       0.06612828       0.06313016       0.06819917
      0.07991289       0.07397047       0.08078818       0.08082593       0.07877205
      0.04395279       0.04179310       0.04789667       0.04420502       0.04384883
      0.03316968       0.03090128       0.03468603       0.02937217       0.03578297
      0.06032558       0.06036733       0.06403219       0.06038628       0.06451482
      0.07760900       0.07484401       0.07822272       0.07721125       0.07500064
      0.04361064       0.04328688       0.05265108       0.04687070       0.04578502
      0.05780573       0.05843629       0.05895012       0.05206411       0.06000482
      0.07057633       0.06684297       0.07255190       0.07020673       0.07199784
      0.09407692       0.09190127       0.09686346       0.09556667       0.09527766
      0.11116178       0.10751566       0.10889340       0.10720154       0.11112326
      0.10595324       0.10376992       0.10632387       0.10436855       0.10590594
      0.10412340       0.10019884       0.10274847       0.10065401       0.10540562
      0.11003976       0.10806700       0.10962754       0.10758124       0.11067129
      0.13012244       0.13012105       0.13072249       0.12857580       0.12918350
      0.12237532       0.11968207       0.11926790       0.11758325       0.12250425
      0.08745996       0.08394197       0.08751610       0.08267784       0.08529252
      0.08676876       0.08124664       0.08514043       0.07940247       0.08552265
      0.09506213       0.09098123       0.09386458       0.08901028       0.09370116
      0.11006047       0.10722904       0.10969973       0.10921959       0.10948835
      0.10273625       0.09826957       0.09974201       0.09446780       0.10036855
      0.08126990       0.07757608       0.08269466       0.07685713       0.08008953
      0.08890294       0.08625074       0.09110285       0.08563154       0.08782455
      0.10711318       0.10724895       0.10722703       0.10612067       0.10575704
      0.09737318       0.09507402       0.09783747       0.09172583       0.09514477
      0.08837825       0.08466943       0.08792748       0.08108000       0.08746939
      0.10182461       0.09904770       0.10284985       0.10205527       0.10280817
      0.09704664       0.09102844       0.09395208       0.08586509       0.09482993
      0.10768654       0.10693028       0.10933189       0.10878997       0.10793313
      0.10829485       0.10451496       0.10599352       0.10035167       0.10633320
      0.12136794       0.11982896       0.12050357       0.11986857       0.12111344
      0.09146951       0.08660033       0.09003437       0.08959735       0.09271546
      0.09371363       0.09017417       0.09178044       0.08951452       0.09400488
      0.11504633       0.11299147       0.11504021       0.11202110       0.11517930
      0.11937813       0.11696593       0.11804299       0.11384224       0.11793523
      0.07809480       0.07430712       0.08039586       0.07666390       0.07893349
      0.08675815       0.08436493       0.08755932       0.08673443       0.08909249
      0.11201583       0.11238085       0.11221664       0.11010952       0.11187530
      0.11095987       0.10792735       0.11242652       0.10800851       0.11101356
      0.07470799       0.07389846       0.07655247       0.07392367       0.07515454
      0.09481534       0.09625194       0.10032229       0.09521512       0.09606953
      0.11408307       0.11028877       0.11309620       0.10915649       0.11416057
      0.09991517       0.10411175       0.10395731       0.10145170       0.10239450
      0.11936653       0.11843438       0.11933230       0.11557733       0.11851736
      0.13628474       0.13688469       0.13974743       0.13349754       0.13660869
      0.06539029       0.05991930       0.06537304       0.06007582       0.06358856
      0.07541440       0.07066974       0.07386263       0.07158966       0.07533235
      0.09374572       0.08989048       0.09278471       0.09253853       0.09408063
      0.09272483       0.08799870       0.09371269       0.08677179       0.09063443
      0.07162137       0.06805252       0.06848603       0.06390911       0.06832694
      0.08353133       0.07932627       0.08597768       0.08261512       0.08422263
      0.09639324       0.09160722       0.09461318       0.08695793       0.09362531
      0.09174843       0.08849796       0.09230141       0.09152968       0.09333578
      0.10395580       0.10186431       0.10266250       0.09573887       0.10074534
      0.11738302       0.11460762       0.11855718       0.11570954       0.11745717
      0.06246347       0.05934866       0.06479241       0.05803482       0.06126563
      0.07950110       0.07688330       0.08265038       0.07917476       0.07955649
      0.08674739       0.08224908       0.08900996       0.08054887       0.08543523
      0.08816657       0.08700747       0.08959670       0.08929031       0.08980231
      0.09492622       0.09137593       0.09780746       0.08996341       0.09354252
      0.11327919       0.11193094       0.11497348       0.11106760       0.11227375
      0.07151923       0.07300059       0.07772826       0.07366769       0.07333492
      0.09796645       0.09657502       0.09624448       0.08821576       0.09513076
      0.10969014       0.10757711       0.11247298       0.10863052       0.11126889
      0.11586047       0.11596607       0.11897443       0.11590469       0.11649936
      0.05478860       0.05259014       0.05491377       0.05375149       0.05418815
      0.05230448       0.04956053       0.05050319       0.04973407       0.05447429
      0.07253235       0.07185759       0.07085979       0.07141744       0.07504325
      0.08413701       0.08017539       0.08430148       0.08396534       0.08196025
      0.06599768       0.06257385       0.06330995       0.06365343       0.06599855
      0.04738819       0.04625576       0.04788871       0.04690797       0.04936804
      0.06700590       0.06753182       0.06807966       0.06791258       0.06948045
      0.08197608       0.08194288       0.08222243       0.08045268       0.07843529
      0.06112581       0.05953012       0.06111103       0.06055082       0.06090048
      0.06666642       0.06610210       0.06629112       0.06524289       0.06996766
      0.07341277       0.07063727       0.07376847       0.07440652       0.07426706
      0.05827907       0.05550054       0.05604508       0.05395791       0.06012827
      0.09290719       0.09127843       0.09388068       0.09474198       0.09314700
      0.08281635       0.08283862       0.08060742       0.08092130       0.08530257
      0.09238098       0.08887766       0.09162662       0.09291733       0.09098512
      0.02278535       0.02130307       0.02594995       0.02080899       0.02608887
      0.04536297       0.04531313       0.04883029       0.04573163       0.04924825
      0.05543400       0.05428834       0.05646525       0.05480200       0.05223181
      0.02715300       0.02536051       0.03070834       0.02679789       0.02814074
      0.04582557       0.04474450       0.04826401       0.04356758       0.05023241
      0.05057315       0.04744550       0.05192581       0.05119720       0.05121395
      0.03152264       0.02949188       0.03220788       0.02662577       0.03431759
      0.07131638       0.06974073       0.07243875       0.07338475       0.07213032
      0.05938639       0.05984455       0.05986718       0.05737834       0.06263767
      0.06494268       0.06096165       0.06549414       0.06554566       0.06326573
      0.04097087       0.04092609       0.04602447       0.04086313       0.04536761
      0.04836535       0.04800575       0.04984837       0.04875920       0.04815552
      0.02870885       0.02739007       0.03137399       0.02526181       0.03079994
      0.06828119       0.06932928       0.07005365       0.06992429       0.06837328
      0.05434915       0.05613703       0.05783746       0.05427402       0.05758236
      0.06222478       0.06182562       0.06309059       0.06225556       0.05940821
      0.06467517       0.06353558       0.06751133       0.06688994       0.06650037
      0.05294229       0.05224279       0.05483479       0.04842490       0.05612525
      0.05711427       0.05423991       0.05838972       0.05624043       0.05750834
      0.08182471       0.08115816       0.08280735       0.08321915       0.08261897
      0.03281838       0.02992212       0.03426814       0.03239807       0.03438196
      0.05585383       0.05236589       0.05459780       0.05630308       0.05960184
      0.06925390       0.06480133       0.06887889       0.06746091       0.06763349
      0.05830956       0.05396279       0.05851750       0.05841465       0.05830819
      0.05350605       0.05019142       0.05627137       0.05386871       0.05347905
      0.07636466       0.07189660       0.07593998       0.07633460       0.07760751
      0.07949903       0.07892273       0.07785770       0.07770032       0.08016299
      0.08709332       0.08203377       0.08800073       0.08837023       0.08573708
      0.04389388       0.04269101       0.04680131       0.04476343       0.04669283
      0.05228612       0.05073936       0.05560479       0.05290584       0.05173568
      0.05195314       0.04974944       0.05237065       0.05120376       0.05411901
      0.07582412       0.07375859       0.07606454       0.07680757       0.07719075
      0.07218128       0.07163347       0.07380521       0.07278033       0.07475275
      0.08533507       0.08223513       0.08648217       0.08575538       0.08296963
      0.05224403       0.05235275       0.05888421       0.05559535       0.05350127
      0.07356472       0.07234074       0.07290631       0.07156876       0.07517301
      0.07736789       0.07475768       0.07868370       0.07843602       0.07872127
      0.09700397       0.09569854       0.09935291       0.09890714       0.09752222
      0.02953471       0.02751619       0.03257924       0.02909690       0.03333730
      0.03379712       0.03110853       0.03699909       0.03426480       0.03356896
      0.05764903       0.05391035       0.05778857       0.05894975       0.05972930
      0.05208839       0.05141243       0.05516911       0.05270459       0.05573240
      0.05977149       0.05575299       0.06140281       0.06049779       0.05753092
      0.04620124       0.04357337       0.04994661       0.04784254       0.04746538
      0.05409620       0.05348097       0.05480248       0.05087387       0.05618421
      0.05454238       0.05068228       0.05643261       0.05521090       0.05550403
      0.07598872       0.07389302       0.07811882       0.07814826       0.07697817
      0.04503088       0.04369090       0.04967182       0.04708049       0.04611053
      0.04759762       0.04720719       0.05224311       0.04718715       0.05158730
      0.05383920       0.05195137       0.05579405       0.05408194       0.05400573
      0.07439993       0.07376402       0.07727391       0.07586181       0.07478547
      0.06861182       0.06749079       0.07282094       0.07047065       0.07047819
      0.09147812       0.08947126       0.09199522       0.09039275       0.09113654
      0.09126023       0.08806130       0.08961564       0.08844988       0.09173054
      0.09661403       0.09511098       0.09513974       0.09428658       0.09651036
      0.10995213       0.10840129       0.11014682       0.10960677       0.10902955
      0.10620773       0.10420612       0.10388184       0.10249097       0.10576083
      0.08612315       0.08423965       0.08756801       0.08599635       0.08682993
      0.09143394       0.09076180       0.09326266       0.09165087       0.09168076
      0.10778368       0.10836940       0.10864323       0.10758466       0.10632736
      0.10113387       0.10041151       0.10225796       0.09993171       0.10100839
      0.09015745       0.08901420       0.08949877       0.08801771       0.09090018
      0.10218535       0.10080512       0.10345753       0.10315060       0.10271099
      0.09997634       0.09733481       0.09863298       0.09612442       0.10054716
      0.10697811       0.10740552       0.10883352       0.10848137       0.10662503
      0.10798141       0.10732708       0.10681176       0.10540356       0.10802066
      0.12379768       0.12391358       0.12418470       0.12319603       0.12313503
      0.07384400       0.07035699       0.07506032       0.07016161       0.07208279
      0.08017230       0.07772402       0.08168527       0.07708347       0.07834984
      0.09192029       0.09163651       0.09226867       0.09189381       0.09067789
      0.08706977       0.08503041       0.08838411       0.08265152       0.08464462
      0.08003730       0.07693364       0.07904244       0.07411562       0.07849062
      0.08752830       0.08506254       0.08837822       0.08835340       0.08806596
      0.08633698       0.08218142       0.08516376       0.07873666       0.08428359
      0.09336712       0.09283132       0.09431165       0.09480225       0.09328879
      0.09635805       0.09368602       0.09505030       0.09030112       0.09419966
      0.10772625       0.10630893       0.10781556       0.10738554       0.10708984
      0.07457628       0.07246073       0.07731263       0.07149965       0.07344943
      0.08569784       0.08510051       0.08728062       0.08711762       0.08598046
      0.08100591       0.07835431       0.08372590       0.07642642       0.07935521
      0.09114595       0.09204862       0.09318375       0.09303944       0.09093072
      0.09038542       0.08881582       0.09331160       0.08715358       0.08884705
      0.10551384       0.10630661       0.10652439       0.10548151       0.10452434
      0.08673247       0.08685727       0.08885030       0.08866763       0.08748703
      0.09165410       0.08875282       0.09064709       0.08427434       0.08973059
      0.10108864       0.09948569       0.10245547       0.10131012       0.10155810
      0.10812412       0.10848854       0.10913680       0.10918126       0.10791420
      0.06808431       0.06406949       0.06932541       0.06643610       0.06815145
      0.07757477       0.07427121       0.07672390       0.07700995       0.07910675
      0.09496077       0.09253713       0.09396203       0.09383827       0.09488967
      0.09467161       0.09184267       0.09633861       0.09211014       0.09423270
      0.07449535       0.07162749       0.07311331       0.07087377       0.07319061
      0.08400355       0.08134893       0.08608856       0.08330688       0.08415288
      0.09955318       0.09594056       0.09861519       0.09485931       0.09869590
      0.09209596       0.09029223       0.09213209       0.09191886       0.09303632
      0.10449837       0.10359091       0.10404131       0.10058598       0.10288573
      0.11868776       0.11789044       0.12069419       0.11710496       0.11810771
      0.06450368       0.06265443       0.06710379       0.06380849       0.06503349
      0.08101643       0.07957066       0.08392145       0.08079997       0.08058506
      0.08856665       0.08574889       0.09107018       0.08664987       0.08932438
      0.08964902       0.08960290       0.09062801       0.09073545       0.09069278
      0.09449178       0.09299999       0.09761468       0.09324165       0.09471744
      0.11507509       0.11503612       0.11767542       0.11309678       0.11358295
      0.07400033       0.07623885       0.07915872       0.07646441       0.07511145
      0.09944718       0.09817505       0.09934655       0.09621523       0.09882633
      0.11180708       0.11144736       0.11504120       0.11145842       0.11266195
      0.11652548       0.11805020       0.11977766       0.11676449       0.11629691
      0.05812811       0.05448082       0.05866316       0.05359918       0.05626185
      0.06809692       0.06511763       0.07020301       0.06778689       0.06781563
      0.07647902       0.07193784       0.07856531       0.07112619       0.07471184
      0.07762393       0.07555631       0.07768284       0.07859486       0.07887851
      0.08370215       0.08029765       0.08627823       0.07926422       0.08185886
      0.09952731       0.09783015       0.10155702       0.09797040       0.09826270
      0.06807147       0.06679271       0.07048155       0.06846997       0.06849505
      0.08924875       0.08682733       0.08819341       0.08142170       0.08601566
      0.09713151       0.09462675       0.09957304       0.09678873       0.09786707
      0.10276939       0.10230737       0.10486032       0.10300610       0.10267789
      0.06473478       0.06430417       0.06865183       0.06557404       0.06482682
      0.07866523       0.07574108       0.08217128       0.07405162       0.07730324
      0.09872109       0.09868018       0.10203467       0.09856721       0.09800408
      0.09674658       0.09721423       0.10009903       0.09744943       0.09763817
      0.03842872       0.03800535       0.03900193       0.03800520       0.03977510
      0.06419446       0.06278862       0.06489621       0.06417108       0.06129283
      0.04984917       0.04855374       0.05070031       0.04965608       0.04930006
      0.05720925       0.05768730       0.05613068       0.05566081       0.05961567
      0.05739077       0.05484372       0.05789999       0.05863331       0.05794013
      0.04842299       0.04704795       0.04676320       0.04505605       0.04978730
      0.07655378       0.07546079       0.07698996       0.07876436       0.07688908
      0.07042697       0.07176886       0.06868458       0.06890240       0.07227009
      0.07672165       0.07322364       0.07706881       0.07810987       0.07512757
      0.05215250       0.05344185       0.05399143       0.05296361       0.05478900
      0.05573928       0.05516940       0.05670284       0.05712238       0.05578915
      0.04355168       0.04346632       0.04481937       0.04255801       0.04509065
      0.07434959       0.07500561       0.07568990       0.07657178       0.07432458
      0.06488381       0.06707247       0.06656422       0.06564482       0.06706011
      0.07434475       0.07338791       0.07539123       0.07560854       0.07210474
      0.07108042       0.07028197       0.07262278       0.07390901       0.07240358
      0.06559607       0.06651677       0.06505612       0.06340832       0.06793184
      0.06897368       0.06706549       0.06929103       0.06992827       0.06957973
      0.08955196       0.08934576       0.08985163       0.09149453       0.08972664
      0.03747095       0.03740962       0.04167756       0.03764100       0.04142557
      0.03828477       0.03803888       0.04012305       0.03918764       0.03815980
      0.02604871       0.02530040       0.02932374       0.02452062       0.02877717
      0.05742159       0.05860724       0.05915047       0.05950415       0.05760962
      0.04943451       0.05102073       0.05306543       0.05020883       0.05267252
      0.05401406       0.05297766       0.05589758       0.05508340       0.05154265
      0.05499293       0.05483007       0.05711969       0.05733315       0.05632677
      0.05017957       0.05064152       0.05191462       0.04792647       0.05345368
      0.05010541       0.04824753       0.05163877       0.05057615       0.05027443
      0.07130215       0.07156062       0.07235877       0.07325970       0.07162742
      0.05314431       0.05449217       0.05608214       0.05576495       0.05421951
      0.04520659       0.04643425       0.05023487       0.04530335       0.04877245
      0.04842226       0.04883049       0.05052279       0.04905386       0.04810346
      0.06891710       0.07122308       0.07103843       0.07086938       0.06888746
      0.06602772       0.06616616       0.06854513       0.06772059       0.06705146
      0.03917832       0.03813028       0.04076189       0.03971334       0.04130372
      0.04220662       0.04022712       0.04484488       0.04300541       0.04174070
      0.04357628       0.04167473       0.04427015       0.04327372       0.04532674
      0.06519199       0.06226963       0.06463511       0.06638784       0.06662690
      0.06238523       0.06218588       0.06402567       0.06314795       0.06445578
      0.07254434       0.06894337       0.07433967       0.07356687       0.07013974
      0.05347717       0.05156457       0.05601199       0.05530077       0.05399822
      0.06698535       0.06643271       0.06601874       0.06512442       0.06775256
      0.06632598       0.06354865       0.06761268       0.06777940       0.06689294
      0.08488567       0.08371318       0.08646290       0.08686053       0.08486639
      0.05286938       0.05190621       0.05651553       0.05502222       0.05325677
      0.05828136       0.05842469       0.06089661       0.05904131       0.06102499
      0.06537922       0.06388181       0.06700685       0.06649226       0.06529559
      0.08342011       0.08302300       0.08590657       0.08488227       0.08295074
      0.07859224       0.07812139       0.08156047       0.08121818       0.07968611
      0.03792779       0.03681842       0.04138649       0.03974753       0.03870754
      0.04274438       0.04215242       0.04666338       0.04322121       0.04650292
      0.04527429       0.04346836       0.04755896       0.04617171       0.04513441
      0.06380642       0.06338322       0.06652369       0.06546962       0.06374271
      0.06056131       0.05967063       0.06360835       0.06279764       0.06170439
      0.05959744       0.05980939       0.06349094       0.06143945       0.06030676
     -0.01628214      -0.02016228      -0.01324207      -0.02821362      -0.01412636
     -0.00728530      -0.00332671      -0.00060946      -0.01126492      -0.00246119
      0.05457192       0.10218982       0.06693675       0.05121766       0.05790827
      0.00160267       0.00140881      -0.00178963      -0.01425421       0.00074851
      0.00542207       0.00720825       0.00568456      -0.00099856       0.00724581
      0.06411112       0.10024195       0.06886532       0.05867370       0.06360735
     -0.00648952      -0.00553191      -0.01012015      -0.02594459      -0.00991422
      0.00279898       0.00924724       0.00243794      -0.00834823       0.00129790
      0.08442627       0.14245170       0.09028671       0.06959031       0.07763330
