271.81121826 198.87033081 479.85147095 27.39311600 582.94689941 179.01858521
318.55096436 225.04721069 546.66802979 28.74936867 729.23291016 179.23747253
298.24639893 208.55929565 507.56976318 26.79785538 647.21911621 178.49246216
283.25067139 150.92929077 384.44635010 15.57821369 507.04971313 143.29743958
272.51895142 195.31985474 473.15533447 26.27484131 594.41424561 168.97946167
248.78633118 155.49121094 385.59307861 19.05617142 498.02996826 137.99630737
255.21488953 169.49099731 416.05575562 21.60975266 535.91931152 146.27775574
294.99703979 189.15165710 467.03198242 22.59469032 616.31683350 160.52127075
252.31259155 185.60299683 447.25317383 26.17530823 536.45227051 169.66889954
244.05586243 177.22242737 428.03833008 24.91517830 509.03164673 164.40722656
260.20581055 191.24752808 460.97225952 26.74650955 555.83337402 173.65386963
262.22113037 193.12826538 465.33007812 27.01882362 560.66516113 175.39550781
269.22186279 198.41418457 478.01815796 27.61436462 576.64050293 179.98637390
253.01545715 185.92514038 448.12240601 26.18741417 536.06152344 170.63827515
228.59762573 166.68399048 402.08511353 23.98130417 468.53945923 158.51724243
256.66943359 184.84457397 447.24984741 25.42427254 539.54919434 168.87173462
262.02191162 190.38609314 459.83905029 26.33582115 549.07641602 175.76165771
262.17041016 195.12895203 469.26782227 27.52763939 571.51354980 174.27847290
279.56182861 209.54573059 503.45684814 29.26316261 625.65106201 181.73703003
271.85760498 205.42611694 492.74545288 29.12160110 604.21929932 180.98521423
263.68707275 200.31106567 479.90313721 28.77592087 580.60986328 179.42141724
254.45010376 193.98887634 464.31695557 28.23621750 554.16754150 176.73866272
285.24383545 195.43510437 477.29815674 24.94112778 608.63043213 168.71893311
263.19610596 192.28269958 464.08026123 26.62956810 565.87860107 172.33268738
237.59477234 176.14877319 423.65911865 25.47041321 497.07562256 165.31205750
259.74777222 189.66191101 457.75921631 26.35306931 553.76971436 171.84391785
292.96728516 192.64248657 473.61114502 23.63110733 611.00122070 167.04399109
244.98371887 180.47378540 434.67764282 25.71437454 514.37860107 167.84420776
260.30941772 186.94177246 452.64614868 25.51047707 554.47515869 167.44096375
242.37075806 174.00448608 421.17218018 24.23440170 501.04858398 162.01119995
219.04064941 157.66137695 381.17916870 22.68591309 441.01522827 151.85050964
286.07064819 199.96792603 486.72943115 25.95154953 617.93975830 172.14855957
271.08432007 198.32153320 478.54949951 27.30687904 586.74206543 176.41018677
239.54927063 176.68086243 425.34698486 25.37901878 499.26562500 165.96237183
263.89080811 191.87214661 463.46948242 26.44708252 561.93579102 173.59236145
255.19921875 187.07191467 451.08111572 26.24148560 539.07873535 172.03900146
237.54507446 174.76252747 420.92010498 25.09727478 493.51287842 164.50912476
248.40580750 180.61904907 436.14501953 25.31392479 518.80273438 167.51374817
248.10429382 178.40200806 431.70101929 24.74280930 514.57263184 165.62525940
225.97229004 162.94673157 393.86810303 23.28203392 458.18341064 155.82489014
273.64062500 198.99284363 480.73501587 27.17777634 588.90167236 177.54647827
261.72320557 190.96517944 460.93081665 26.48947144 554.57257080 174.32797241
250.42984009 183.92724609 443.26141357 25.99670792 525.72766113 170.70486450
237.57296753 174.19839478 419.80694580 24.94691277 491.73812866 164.33459473
261.36349487 188.68069458 456.33569336 25.90492249 550.68383789 172.17660522
235.02865601 170.69331360 412.10000610 24.28917313 482.48983765 161.58351135
277.15667725 204.14962769 491.97583008 28.17223167 601.30584717 182.03031921
245.03262329 175.73698425 425.38348389 24.42480850 503.10775757 164.93020630
230.71713257 163.45864868 396.43746948 22.85419273 463.12426758 156.43496704
245.17733765 181.44973755 436.55200195 26.00298119 513.71478271 169.74154663
266.41442871 195.66171265 471.69512939 27.21031189 567.27465820 178.34715271
260.97250366 192.33969116 463.30877686 26.99442482 553.36096191 176.71635437
244.54692078 180.05366516 433.63003540 25.69004250 510.29956055 168.65859985
255.71768188 184.61651611 446.40716553 25.52996826 531.89520264 171.26136780
248.11613464 178.20295715 431.24908447 24.72393227 510.60675049 166.93527222
259.55819702 192.59886169 463.28631592 27.25917053 551.84466553 177.25202942
243.47114563 177.73051453 428.72265625 25.18274498 504.19531250 167.04640198
239.82951355 173.70417786 419.60198975 24.52892685 492.39892578 164.11190796
252.18428040 184.62522888 445.19085693 25.98704147 526.96331787 171.95080566
248.12948608 181.60873413 437.86099243 25.68106079 515.66296387 170.29150391
267.15560913 197.42404175 475.30941772 27.64979172 567.37988281 181.47640991
237.84980774 178.82170105 428.93890381 26.18649673 503.14999390 167.23207092
308.41860962 204.51535034 501.93661499 24.94288254 667.63220215 168.80972290
281.86791992 205.93354797 497.19595337 27.97284889 629.65954590 175.11016846
237.51815796 177.87031555 426.96783447 25.96100426 501.00555420 166.44879150
238.58651733 176.95320129 425.62957764 25.51927185 503.24664307 164.43132019
234.52944946 173.35388184 417.22991943 25.02252579 492.38778687 161.61666870
246.11718750 181.18800354 436.58172607 25.67543411 526.46838379 164.50431824
274.64926147 195.89273071 474.97845459 26.19311523 589.11743164 172.96916199
256.50430298 183.97731018 445.54339600 25.17156982 545.07312012 165.18215942
238.58125305 175.73405457 423.28033447 25.17684555 501.94525146 162.94953918
273.28936768 194.06848145 470.97357178 25.86240768 585.26184082 171.14709473
267.48770142 190.82711792 462.64581299 25.69983864 569.94592285 170.06755066
244.91653442 180.93002319 435.54180908 25.85025597 515.41607666 168.12446594
289.79412842 203.49357605 494.91690063 26.45291138 618.45117188 178.88792419
259.20867920 188.64198303 455.56634521 26.13427353 552.26574707 170.58448792
247.19299316 179.64767456 433.85556030 25.18466568 517.70623779 165.86836243
276.76147461 193.06753540 470.02416992 25.23255348 581.58074951 172.42224121
261.90286255 187.51080322 454.26025391 25.50230789 551.52752686 170.21211243
243.67697144 179.19461060 431.75430298 25.51325226 512.00360107 166.20870972
264.43304443 181.36369324 442.84027100 23.60299301 548.39520264 162.92227173
259.51177979 186.49536133 451.48345947 25.50294876 549.53656006 168.43794250
256.89300537 186.37496948 450.35058594 25.80819702 543.76647949 169.59365845
260.49267578 183.69291687 446.23065186 24.65995789 541.87609863 167.50863647
270.69491577 191.74592590 465.52529907 25.56329727 575.49841309 170.48368835
288.84164429 202.86962891 493.40496826 26.39078712 620.82720947 176.59159851
259.82925415 188.04934692 454.62393188 25.90544510 549.81707764 170.88143921
277.03350830 193.30792236 470.63378906 25.27607346 583.80139160 172.10986328
271.32965088 196.14630127 474.35580444 26.70446396 576.99963379 177.02621460
263.50430298 190.13008118 459.91925049 26.03437424 556.19494629 172.92605591
259.14437866 188.99105835 456.20281982 26.27095413 548.05468750 172.79446411
263.66348267 193.62222290 466.77368164 26.98857689 560.85534668 176.71321106
253.03991699 184.42916870 445.16250610 25.79173660 530.53503418 170.50508118
251.61059570 180.41036987 436.78778076 24.87573242 520.64599609 167.65283203
249.07260132 179.15977478 433.48818970 24.84514809 515.60076904 166.77096558
280.30166626 205.62973022 495.96835327 28.17278481 610.13421631 181.94836426
269.80624390 198.13154602 477.74194336 27.42358398 581.67053223 177.63825989
246.32406616 177.99690247 430.29330444 24.86436844 510.45330811 165.88363647
243.34184265 177.36337280 428.03240967 25.06630135 505.85067749 165.64689636
243.81774902 174.78193665 423.10473633 24.31164169 500.15731812 164.16464233
259.93142700 191.16893005 460.69882202 26.78583908 551.37103271 175.20663452
280.68515015 205.89196777 496.59585571 28.22523117 605.73669434 184.28300476
260.64633179 187.72306824 454.21304321 25.75100136 544.90612793 172.63198853
237.93350220 167.42175293 406.63064575 23.05406189 478.93170166 158.92941284
264.89224243 187.57829285 455.37280273 25.14877892 558.06530762 168.72938538
251.28068542 180.30227661 436.54476929 24.83762360 526.17395020 165.01969910
276.47741699 203.52694702 490.65991211 27.99831581 613.69268799 175.74313354
263.54876709 187.43942261 454.70059204 25.23851395 563.37103271 165.83924866
274.50918579 201.71249390 486.39288330 27.77739906 601.70281982 177.00921631
271.79779053 201.56604004 485.19229126 28.06239319 600.74987793 176.13900757
246.85769653 179.22720337 432.92791748 25.10032463 518.30889893 164.86849976
268.75628662 184.82182312 451.08856201 23.99257278 561.89257812 164.51846313
271.96661377 189.76811218 461.96411133 24.90221214 572.85711670 168.96821594
250.07133484 186.53201294 448.25103760 26.73977280 533.52667236 171.59658813
256.30111694 191.47529602 460.08438110 27.28889465 553.58929443 173.60151672
263.95489502 191.34413147 462.51083374 26.23068237 571.16094971 169.10995483
230.31686401 159.17123413 387.89093018 21.73020935 459.15243530 151.12913513
230.63346863 162.28375244 394.21627808 22.48733521 466.77554321 153.00823975
283.06396484 136.30467224 353.33111572 12.86847401 489.84741211 128.95030212
254.71850586 168.55636597 413.98257446 21.47344589 535.29089355 144.94049072
223.26493835 156.29687500 380.06842041 21.70875549 456.03192139 144.99263000
276.49005127 160.84921265 403.51162720 18.12707520 527.01837158 146.59584045
245.22131348 162.21821594 398.42620850 20.83535767 514.19909668 139.94212341
254.91584778 147.69442749 370.61712646 17.01493835 492.98852539 131.48637390
252.62898254 174.17521667 424.84637451 22.98466873 537.83752441 151.32211304
249.02128601 151.36030579 377.01882935 18.20015335 481.41497803 138.71890259
230.91659546 156.95948792 383.74993896 20.99625015 479.47003174 139.70938110
288.96926880 146.23204041 375.94097900 14.23580742 505.24884033 139.82695007
267.55123901 178.70629883 438.30801392 22.60755920 562.29345703 154.68217468
261.14007568 171.01858521 420.75219727 21.43121910 544.00830078 147.86227417
268.67926025 186.67004395 454.75469971 24.42316246 577.97711182 160.74197388
259.46322632 180.53671265 439.67169189 23.85443115 558.72509766 155.42094421
258.14688110 157.88986206 392.86386108 18.85622597 504.22616577 143.19546509
222.13781738 143.42153931 353.82479858 18.65986061 427.80386353 136.46379089
268.52313232 160.48588562 400.77508545 18.68623352 517.27246094 146.34587097
275.17071533 144.73944092 369.55722046 14.88408184 485.73651123 139.22897339
253.89404297 182.30178833 441.39556885 24.99546432 548.78186035 159.87074280
256.49508667 155.43168640 387.34307861 18.48216057 490.61041260 144.25601196
244.49003601 173.17832947 420.25097656 23.76307297 505.40997314 159.62342834
262.45410156 159.34683228 396.83624268 18.87206078 519.20074463 141.32502747
256.95755005 169.48986816 416.56381226 21.44728088 532.65496826 148.18545532
295.92706299 200.30737305 490.26766968 24.98862648 635.68359375 169.57138062
259.75567627 181.03034973 440.76153564 23.96163177 556.56585693 157.08569336
281.48046875 195.51718140 476.40390015 25.29036903 605.49304199 168.32882690
259.22338867 189.96783447 458.14447021 26.50671768 560.02502441 169.41044617
282.99978638 161.35243225 406.12475586 17.84206009 529.65173340 149.14279175
299.57476807 208.19955444 507.28906250 26.52594566 655.36212158 175.10684204
267.40859985 175.54216003 431.74282837 21.92706871 553.00933838 153.56570435
287.23645020 195.10533142 477.25863647 24.59585571 611.51940918 167.71025085
274.96435547 182.80863953 448.74584961 22.89576530 573.18621826 159.48538208
262.02227783 189.94465637 459.06060791 26.13517761 562.92065430 169.30398560
232.98928833 155.85055542 382.16558838 20.55475044 461.38745117 146.06137085
268.22958374 189.87886047 460.99493408 25.39469528 566.42724609 170.08105469
256.31933594 180.98803711 439.52667236 24.44939041 534.79559326 164.42053223
269.89404297 125.09185791 326.57577515 11.58686543 454.59115601 120.87156677
260.74081421 171.17411804 421.13226318 21.49672508 532.95312500 152.25021362
252.72695923 151.53042603 378.14395142 17.98202896 497.60708618 134.20826721
228.04455566 154.70925903 378.36676025 20.74458885 465.14468384 140.91653442
219.18911743 130.43026733 325.93951416 16.10514450 424.55548096 117.57478333
275.11187744 194.01849365 471.42300415 25.59257889 603.08300781 164.49049377
244.82250977 145.27323914 363.15228271 17.30848503 465.52996826 134.37059021
251.38769531 182.66900635 441.24234009 25.42703629 544.43420410 161.28889465
260.72988892 155.38485718 388.17010498 18.18892479 509.36035156 138.71675110
260.26611328 164.67858887 407.49520874 20.10265923 525.78497314 145.50219727
268.85302734 163.14785767 406.53677368 19.15390015 518.27032471 150.01176453
260.69662476 174.71052551 428.30517578 22.33105659 540.68115234 154.33636475
260.77835083 169.83364868 418.23178101 21.27783203 536.37768555 148.93826294
259.53094482 175.84226990 430.14233398 22.76428032 552.74987793 150.76406860
