259.64900000 175.03960000 428.76890000 22.76233000 570.02300000 144.44900000
247.02900000 165.67200000 406.20720000 21.76446000 520.09300000 143.72400000
249.58900000 146.88310000 368.38450000 17.22683000 479.86500000 131.80700000
259.24230000 149.52790000 376.24560000 17.05165000 495.60900000 133.43600000
229.22670000 161.29120000 391.94520000 22.55319000 503.78200000 136.88600000
253.86000000 172.84190000 422.61310000 22.81533000 536.44000000 150.77100000
253.16000000 160.16340000 396.80900000 19.88598000 510.68000000 141.29700000
265.70430000 151.55000000 382.01910000 16.99700000 507.77300000 134.29500000
242.48430000 160.81160000 395.09470000 21.04059000 500.48300000 142.07800000
222.19920000 174.21330000 414.35060000 26.93622000 525.45700000 145.60600000
214.92070000 166.65080000 397.27050000 25.77641000 524.29200000 133.21100000
226.10430000 137.15440000 342.25880000 16.98599000 410.40700000 136.44400000
235.58450000 165.05930000 401.42650000 22.81407000 548.02700000 130.14600000
225.80000000 148.53550000 365.46900000 19.70745000 452.28200000 135.80300000
242.62230000 155.04500000 383.45430000 19.65694000 492.63300000 136.51500000
253.16000000 178.96860000 434.51430000 24.40625000 544.27200000 156.65400000
229.48670000 192.15640000 450.67970000 31.11356000 604.52200000 148.25900000
262.22670000 162.48080000 404.00020000 19.61923000 523.76800000 143.23200000
239.49570000 160.75730000 394.09540000 21.32610000 485.18900000 146.74600000
231.39330000 145.87740000 361.63650000 18.53867000 405.09400000 157.31500000
262.69330000 176.58670000 432.78500000 22.83030000 547.23200000 155.55900000
232.20000000 164.65180000 399.52240000 23.08701000 487.86200000 148.71100000
247.46230000 142.70660000 359.09270000 16.49367000 431.82700000 145.74100000
220.28120000 168.95890000 403.66990000 25.70862000 529.76900000 136.32400000
240.39100000 156.95190000 386.69720000 20.31764000 504.69100000 134.18800000
253.18900000 171.14950000 419.03050000 22.47239000 513.67700000 156.67000000
277.91100000 151.18660000 383.93770000 16.07937000 491.97900000 145.24700000
238.51770000 160.67520000 393.63580000 21.40535000 476.71900000 149.69500000
259.64000000 171.96980000 422.60640000 22.03213000 542.88400000 149.25900000
239.84900000 158.65820000 389.98420000 20.78031000 498.38300000 138.70900000
249.31570000 161.96140000 399.39810000 20.65609000 507.58500000 143.68200000
258.20880000 181.08910000 440.32890000 24.38866000 575.57700000 150.65000000
218.25730000 153.18860000 372.43260000 21.68320000 448.64800000 141.35300000
230.82230000 159.13730000 388.19900000 21.82781000 479.46700000 143.12900000
240.54230000 155.10610000 382.99710000 19.86476000 488.31300000 137.43800000
285.05330000 183.13710000 452.50490000 22.25149000 580.56800000 161.17400000
283.59330000 172.70560000 430.68840000 20.08643000 545.00200000 158.68100000
291.62670000 133.18940000 346.77590000 12.04830000 462.51400000 136.64800000
258.72000000 150.53790000 378.25110000 17.30441000 470.91200000 145.05900000
275.76430000 175.45640000 434.26750000 21.34952000 525.34300000 168.04600000
280.96230000 169.79510000 423.97730000 19.67373000 546.86900000 152.47900000
252.99330000 151.08630000 378.01040000 17.86995000 459.93600000 148.40000000
269.00230000 165.09080000 411.16050000 19.62699000 559.17900000 137.06500000
243.21770000 157.58870000 388.79520000 20.19972000 460.62300000 154.04700000
252.13100000 144.45890000 363.88120000 16.51456000 476.75100000 130.35100000
290.88430000 174.73060000 436.74310000 19.93924000 525.64300000 173.84400000
290.18670000 179.00850000 445.43350000 20.90623000 574.97800000 159.05400000
258.78900000 164.10730000 406.41470000 20.28522000 501.32100000 153.21200000
287.17770000 161.98870000 409.05420000 17.59422000 554.86300000 140.28200000
260.07100000 117.02530000 305.28570000 10.80948000 375.29500000 143.37100000
260.40900000 134.77070000 344.82560000 14.00523000 448.05100000 130.93700000
257.07330000 189.56980000 456.49950000 26.67087000 614.14400000 149.99300000
245.87330000 140.21820000 353.46300000 16.08434000 454.05200000 130.50800000
255.38430000 149.38750000 375.03640000 17.31481000 475.03900000 139.94600000
238.66230000 131.65990000 333.62990000 14.81288000 426.54100000 125.83100000
269.13100000 183.19530000 447.94770000 23.76817000 558.78900000 163.45300000
287.04230000 190.80120000 468.57970000 23.81088000 619.89500000 159.23300000
259.45770000 180.95090000 440.45800000 24.22110000 561.05300000 155.79300000
289.51100000 175.33910000 437.66220000 20.17581000 583.80900000 150.24300000
253.67330000 156.50300000 389.42430000 19.01173000 473.35800000 151.22600000
269.39570000 161.07950000 402.93060000 18.72505000 520.23500000 145.20200000
279.61770000 186.73540000 458.20580000 23.57528000 589.78700000 161.14900000
240.82000000 163.13280000 399.24760000 21.77420000 488.79600000 149.45700000
246.66000000 150.97230000 376.16980000 18.36694000 498.44400000 129.92800000
253.59330000 151.66590000 379.36830000 17.94821000 487.64400000 137.55100000
284.02900000 180.06860000 445.96210000 21.65696000 560.60700000 163.82700000
246.56900000 162.57330000 399.84240000 21.06395000 494.06700000 148.79400000
258.92230000 154.64440000 386.90530000 18.16919000 498.29900000 139.96500000
246.46430000 148.23860000 370.44620000 17.77408000 451.50700000 144.65400000
274.82000000 192.62860000 468.43870000 25.46241000 585.86800000 169.44700000
282.86000000 184.10450000 453.84830000 22.66703000 595.60200000 156.46800000
261.30230000 185.44130000 449.89630000 25.13836000 565.70900000 161.31900000
253.62000000 183.21420000 442.97470000 25.43259000 548.06600000 161.68300000
268.35100000 187.69670000 456.62800000 24.93903000 587.52900000 159.40700000
253.94670000 183.79790000 444.22270000 25.54488000 548.51600000 162.50100000
251.99790000 187.51970000 450.75250000 26.74059000 600.17100000 149.87400000
245.00900000 174.23900000 422.55090000 24.11022000 527.44500000 152.87300000
251.18670000 179.05750000 434.03830000 24.64693000 567.81400000 148.04500000
260.91330000 187.10110000 453.01700000 25.59836000 559.20000000 166.01100000
276.24230000 188.15160000 460.01440000 24.23861000 589.55900000 162.09100000
259.23330000 188.91400000 455.97860000 26.24997000 565.33000000 165.79500000
265.67330000 170.03660000 420.41780000 21.02108000 528.74400000 153.94800000
247.72900000 173.13970000 421.27490000 23.53303000 521.70100000 154.40000000
258.15770000 181.65200000 441.42100000 24.53424000 564.03300000 155.31200000
262.48900000 182.24400000 443.98120000 24.21943000 552.10900000 162.04900000
234.23330000 170.07070000 410.79070000 24.26660000 499.34400000 153.20200000
247.04230000 171.44420000 417.70530000 23.18267000 514.26900000 154.44900000
245.64000000 170.92790000 416.23780000 23.20372000 530.27800000 147.25200000
275.02000000 202.88470000 488.52440000 27.99661000 594.79600000 181.40700000
282.11570000 195.74440000 476.92840000 25.45768000 601.63300000 170.93200000
267.24430000 199.57090000 479.38270000 28.05901000 586.97300000 176.49100000
279.97770000 191.19800000 467.23500000 24.58925000 589.77900000 167.79800000
260.55570000 187.40460000 453.48970000 25.71512000 554.21500000 168.22500000
271.03330000 193.23870000 468.39800000 26.01863000 592.61800000 166.54500000
283.46900000 212.53930000 510.12430000 29.47233000 601.94500000 196.60300000
247.43330000 178.11120000 430.93340000 24.82855000 498.27200000 171.72900000
269.32230000 196.02010000 473.24650000 26.90686000 593.07900000 169.81200000
264.53770000 190.23410000 460.35280000 25.98403000 576.27900000 165.68000000
273.95570000 192.42160000 467.75130000 25.50313000 579.53700000 171.17900000
252.21570000 182.14680000 440.41880000 25.31924000 515.40500000 172.63700000
267.66000000 191.25790000 463.39890000 25.89483000 568.40000000 171.28300000
266.84430000 186.98390000 454.73690000 24.92363000 558.60700000 168.32600000
257.04000000 184.38200000 446.40610000 25.34356000 543.98600000 166.27800000
289.84670000 213.36650000 513.97980000 28.94278000 674.44400000 174.08900000
292.32230000 191.05600000 470.63530000 23.37998000 623.79100000 160.04900000
284.08000000 164.71950000 414.11830000 18.37046000 529.14000000 153.10100000
277.39770000 167.37770000 418.05100000 19.44025000 537.57100000 151.06400000
272.10900000 176.82100000 436.01890000 21.98797000 546.78700000 159.65500000
280.40000000 156.76050000 396.40920000 17.01671000 511.19400000 146.72600000
284.52230000 187.70590000 461.60680000 23.33588000 590.96100000 163.89700000
257.26670000 188.49110000 454.47910000 26.36897000 553.88600000 168.71700000
253.84000000 185.43380000 447.36570000 25.97835000 582.57200000 153.05000000
255.02000000 160.47860000 397.96000000 19.79282000 494.65400000 148.79100000
288.73330000 188.38330000 464.19540000 23.10233000 608.51400000 160.18300000
258.94670000 176.80950000 432.08550000 23.26031000 528.98400000 161.47500000
266.22230000 185.92540000 452.44860000 24.72947000 591.16300000 154.96900000
259.33770000 156.25330000 390.36110000 18.48576000 496.43900000 143.32300000
262.43330000 172.19010000 423.86650000 21.81715000 537.67600000 152.50800000
299.55570000 211.33940000 513.30440000 27.39187000 672.52900000 174.97400000
274.26900000 198.27360000 479.31830000 26.91749000 571.53300000 183.33900000
294.41770000 178.94440000 446.39490000 20.55137000 564.45100000 164.74700000
283.48230000 190.22350000 466.35800000 24.01641000 585.34700000 169.30900000
274.97570000 187.78110000 458.88540000 24.27715000 582.41300000 163.64600000
278.63570000 188.46240000 461.36780000 24.07524000 581.77900000 166.21700000
254.13770000 166.76010000 410.49430000 21.32969000 522.12300000 147.16900000
267.52430000 168.45590000 417.69550000 20.49947000 526.49900000 153.16900000
230.19550000 168.31280000 405.98900000 24.28120000 500.87100000 148.46700000
245.70900000 152.39270000 378.85440000 18.76931000 478.28300000 139.24500000
241.64430000 142.71720000 357.72620000 16.94825000 465.44300000 128.04800000
220.24100000 143.58890000 353.86450000 19.04586000 420.18300000 139.49400000
255.09100000 160.59850000 398.22490000 19.81383000 475.76700000 157.40700000
246.73770000 170.51850000 415.77560000 22.98446000 501.92900000 157.86500000
236.00000000 123.76080000 316.03790000 13.38452000 402.00000000 123.44400000
252.97770000 167.71780000 412.08600000 21.66866000 542.83500000 140.87100000
220.52030000 152.30450000 371.40800000 21.20273000 448.95300000 140.79600000
251.37330000 156.10570000 387.99960000 19.11976000 459.18600000 156.27000000
249.47770000 154.39920000 383.98320000 18.89788000 472.17300000 146.51400000
263.20000000 162.40650000 404.10270000 19.52027000 524.33400000 143.27300000
225.49550000 171.58600000 410.60970000 25.75664000 504.43100000 150.25300000
228.87770000 151.09170000 371.52260000 20.02708000 451.78300000 141.22600000
250.77330000 163.68860000 403.31350000 20.92517000 503.59000000 148.37100000
212.16230000 144.45320000 353.19970000 20.09383000 414.77500000 139.65500000
240.22670000 160.13930000 393.07440000 21.10183000 496.10400000 141.87300000
199.63400000 140.81850000 342.03380000 20.54462000 400.33400000 134.69500000
232.09770000 148.87510000 367.95290000 19.18124000 468.66100000 132.38800000
282.09570000 159.17180000 401.92100000 17.38321000 535.10900000 141.51100000
278.16000000 129.81640000 337.02040000 12.12601000 446.60600000 132.19100000
261.47100000 126.94110000 327.77890000 12.48312000 469.66300000 110.49500000
218.13400000 163.69060000 392.81430000 24.52073000 537.63400000 126.29000000
275.31100000 162.48020000 407.31260000 18.56244000 496.30500000 160.33900000
285.03570000 145.99780000 374.11780000 14.64827000 490.90500000 140.64900000
297.10230000 143.47880000 370.75410000 13.53216000 546.44900000 120.05400000
248.87330000 162.86990000 401.11030000 20.91254000 533.93600000 135.61600000
273.00670000 181.17280000 445.06670000 22.91082000 566.46800000 159.03500000
270.22000000 145.30850000 369.66430000 15.42951000 488.94600000 134.00500000
214.92520000 148.07450000 361.25930000 20.72589000 470.68700000 124.42100000
256.23570000 127.44930000 327.97130000 12.86804000 433.58300000 123.87100000
224.92210000 149.93230000 368.02270000 20.13974000 497.88900000 121.48700000
222.15000000 144.30100000 355.85310000 19.03281000 481.29400000 118.04000000
278.22670000 164.46570000 412.18090000 18.75710000 531.06200000 149.54300000
285.87570000 174.68260000 435.37090000 20.32661000 565.31300000 154.63700000
290.84900000 139.75280000 361.37780000 13.20651000 490.53500000 133.45000000
255.45100000 175.01970000 427.44030000 23.18326000 541.16500000 152.82500000
268.81330000 180.28810000 442.04130000 23.10795000 550.55200000 162.13400000
274.49770000 170.08410000 422.90540000 20.26487000 547.62100000 150.17800000
232.56000000 164.63540000 399.60840000 23.04215000 494.95000000 146.10800000
264.21330000 147.71430000 373.53230000 16.31585000 477.33600000 140.14000000
239.77570000 158.18590000 389.01100000 20.67350000 506.75300000 135.03600000
248.70670000 144.80980000 363.81820000 16.84859000 465.06200000 134.21400000
269.07570000 176.86650000 435.23740000 22.28060000 530.59700000 165.06800000
275.21570000 167.81180000 418.39670000 19.70956000 535.87900000 151.52800000
240.26880000 178.68000000 429.55740000 25.82349000 527.09300000 157.80600000
277.34430000 162.02500000 406.84780000 18.31275000 533.92700000 144.41300000
249.62430000 171.32140000 418.27450000 22.87994000 526.19300000 150.73100000
254.30000000 160.64070000 398.09660000 19.89357000 530.50200000 135.40300000
274.66430000 181.64410000 446.50350000 22.86300000 568.80100000 159.48100000
214.74730000 167.80780000 399.39240000 26.13150000 577.52800000 120.14100000
243.22230000 154.41510000 382.33420000 19.45515000 482.16900000 139.78700000
239.34230000 131.05190000 332.47370000 14.63947000 408.39700000 133.97200000
281.92670000 191.85000000 469.13510000 24.54977000 601.44800000 165.26100000
269.38230000 183.08760000 447.81030000 23.71723000 549.27900000 167.10000000
262.56430000 171.76090000 423.03720000 21.70463000 522.64900000 157.77000000
262.74230000 163.81370000 406.88080000 19.87276000 517.25900000 147.89300000
241.14900000 170.77020000 414.47380000 23.65536000 501.20300000 156.26500000
269.77330000 189.53960000 460.72010000 25.24054000 569.22800000 169.20300000
269.42900000 181.52750000 444.70850000 23.34110000 569.39500000 157.20500000
283.56230000 184.25440000 454.35270000 22.63718000 599.33300000 155.65400000
232.97330000 139.82220000 349.53960000 17.01174000 385.88400000 159.62700000
253.14670000 170.52440000 417.76790000 22.32544000 496.07600000 163.15800000
262.68450000 196.36960000 471.59520000 27.77235000 611.31700000 161.91100000
248.58230000 177.91830000 430.94200000 24.64877000 530.52300000 158.50700000
254.20430000 167.47150000 411.94950000 21.49146000 522.64900000 148.05100000
227.80000000 148.71900000 366.41830000 19.55533000 449.73400000 137.94600000
246.51770000 156.47720000 387.45290000 19.63444000 487.74900000 142.01100000
285.77330000 195.93760000 478.46190000 25.13323000 580.07800000 180.95500000
275.72900000 191.58980000 466.67910000 25.11519000 580.59700000 170.21000000
289.56230000 207.12880000 501.74970000 27.43157000 661.72900000 169.37300000
270.41570000 200.29100000 481.89630000 27.86974000 597.40500000 174.88400000
260.50900000 190.85810000 460.19050000 26.60165000 561.70300000 170.51100000
266.46670000 197.83140000 475.75650000 27.70108000 602.52800000 168.13400000
253.24900000 180.82640000 438.18690000 24.86579000 513.61700000 171.78700000
269.42000000 195.71240000 472.68180000 26.81791000 619.22400000 160.62300000
247.71570000 173.93940000 422.84750000 23.73543000 505.29100000 162.17500000
268.28430000 170.28410000 421.64430000 20.84449000 532.42100000 153.90400000
266.97330000 198.03820000 476.33450000 27.69463000 580.03800000 176.72000000
278.00430000 200.53820000 484.99720000 27.06792000 611.65500000 172.86500000
255.21330000 191.40810000 459.38030000 27.37507000 538.65000000 178.46500000
279.87330000 195.21050000 475.15800000 25.56060000 617.97200000 163.72100000
253.90430000 179.86250000 436.51390000 24.54954000 520.61300000 167.54500000
275.40670000 187.73930000 458.93550000 24.22403000 573.87200000 166.89300000
266.81790000 196.04390000 472.42680000 27.20028000 601.03100000 166.21000000
242.83770000 170.68510000 414.85740000 23.44685000 499.40300000 157.55500000
256.44450000 192.06320000 461.08120000 27.39787000 572.37500000 166.84500000
203.59480000 176.55060000 410.88360000 30.49254000 506.84300000 148.91700000
310.85770000 185.56070000 464.29760000 20.65866000 590.26100000 171.09000000
297.70900000 174.27430000 437.46190000 19.32690000 589.89700000 149.44300000
301.95770000 144.62780000 374.14850000 13.48198000 510.11100000 137.43900000
273.67100000 180.24000000 443.38270000 22.63103000 561.79700000 159.63200000
300.02230000 162.53770000 413.02700000 16.84513000 550.04700000 147.72900000
259.85100000 151.75340000 381.07690000 17.47618000 485.07300000 141.27900000
264.66430000 181.74460000 443.67650000 23.87205000 554.91100000 161.07100000
260.28430000 173.56190000 425.99820000 22.34688000 564.51300000 144.37100000
288.82900000 190.38840000 468.27400000 23.54919000 577.93100000 174.55100000
300.42230000 179.10740000 448.24360000 20.11875000 598.86500000 154.23400000
255.66880000 207.19190000 489.37930000 31.62030000 639.49300000 165.86100000
268.18000000 149.82240000 378.90680000 16.46669000 482.90200000 142.77700000
253.24230000 168.52480000 413.78700000 21.83544000 502.53300000 157.23900000
278.77330000 173.12600000 430.30150000 20.57384000 558.48800000 152.23300000
279.33770000 189.23830000 463.13160000 24.18913000 590.80300000 164.32600000
251.62450000 181.63510000 439.22140000 25.25547000 560.81500000 154.15000000
257.00670000 173.31920000 424.52720000 22.61273000 546.67600000 148.94400000
247.54430000 147.19220000 368.53230000 17.45628000 445.34300000 146.42600000
290.27330000 198.15240000 484.26440000 25.20810000 595.09000000 180.09600000
304.30900000 211.49560000 515.14450000 26.94262000 676.44500000 175.46400000
301.74430000 193.67960000 478.63270000 23.12640000 631.54900000 164.33400000
270.64900000 187.45590000 456.88550000 24.63998000 572.40100000 165.24500000
276.34670000 190.83850000 465.38710000 24.87043000 593.18400000 164.74200000
304.23770000 215.47270000 522.95840000 27.89224000 690.93700000 176.34100000
260.62430000 186.01700000 450.80020000 25.35732000 550.05700000 167.77500000
269.74430000 180.65190000 443.04990000 23.10306000 556.36900000 160.80900000
257.25100000 168.22510000 414.35500000 21.37865000 516.99300000 152.51500000
298.16900000 206.38650000 503.08450000 26.35790000 650.85900000 174.69200000
260.90430000 182.81350000 444.59830000 24.52752000 537.78700000 167.89700000
280.36670000 185.86780000 456.68450000 23.30262000 570.97200000 167.09500000
267.68670000 167.34770000 415.46540000 20.23740000 519.82800000 154.23100000
258.58900000 172.30720000 422.97400000 22.21416000 521.38700000 157.50900000
232.14430000 167.78600000 405.63230000 23.91086000 472.78900000 159.81700000
206.35970000 104.65830000 268.57160000 11.44306000 319.58900000 120.34900000
258.95100000 132.99260000 340.65900000 13.75375000 434.47700000 133.89900000
297.00430000 201.23610000 492.48100000 25.26934000 626.22300000 175.46100000
277.87570000 180.75450000 445.63660000 22.35936000 574.80300000 157.16500000
284.63770000 187.95550000 462.14370000 23.38240000 601.72500000 160.49500000
296.94230000 176.61940000 442.18800000 19.86760000 594.23700000 151.04600000
221.88770000 94.19960000 247.56520000 8.67670600 322.80700000 109.03800000
209.58480000 140.82480000 345.16620000 19.44084000 450.08300000 119.25100000
254.07100000 164.08570000 405.05800000 20.70900000 511.82300000 147.04900000
220.26930000 135.97240000 338.30520000 17.22130000 384.78200000 145.07700000
222.19030000 106.30740000 275.05540000 10.82858000 320.27500000 136.06300000
242.64880000 154.39190000 382.12900000 19.50203000 528.31900000 123.69700000
201.61570000 122.76010000 306.14490000 15.77082000 364.52500000 123.14700000
232.21330000 145.12250000 360.30870000 18.28835000 498.09000000 117.07600000
271.65770000 140.28810000 359.05680000 14.37335000 500.62300000 122.51600000
256.44900000 165.98620000 409.58980000 20.93082000 527.96900000 144.73700000
250.32670000 152.31170000 379.88750000 18.35812000 503.68400000 131.31300000
202.04350000 126.96310000 314.92380000 16.74103000 411.46700000 110.08600000
272.44000000 131.33020000 339.44680000 12.68432000 445.91400000 132.15300000
259.08430000 175.87980000 430.27500000 23.02123000 532.81300000 158.60500000
266.20230000 159.17450000 398.16360000 18.56858000 527.74500000 138.37800000
256.28230000 137.24010000 349.35920000 14.74779000 481.15900000 119.53400000
213.05370000 129.01260000 322.03590000 16.23350000 408.82100000 118.33600000
270.38430000 182.42540000 446.79390000 23.45997000 579.63100000 155.26100000
279.99570000 177.01390000 438.61140000 21.32802000 585.74500000 148.73700000
272.75100000 149.51500000 379.24710000 16.09217000 531.66300000 125.41100000
243.94000000 151.98290000 377.54160000 18.83035000 475.85000000 138.88600000
265.36430000 172.10960000 424.54510000 21.52480000 522.33700000 159.58700000
262.13330000 148.65130000 375.05760000 16.65633000 461.91200000 147.86800000
248.96430000 159.73830000 394.78250000 20.16831000 517.69700000 136.66000000
192.41520000 133.25890000 324.79650000 19.34961000 397.76700000 120.97300000
207.65450000 133.33060000 329.47540000 17.76095000 431.05300000 114.38300000
257.12000000 176.79340000 431.48520000 23.44436000 546.72800000 154.01300000
268.16230000 172.63650000 426.40610000 21.38992000 534.21300000 156.71300000
253.66230000 144.52890000 364.38210000 16.41591000 419.03300000 160.07300000
234.62230000 147.05650000 364.92670000 18.52194000 432.89300000 145.96900000
232.50880000 169.71070000 409.49950000 24.37586000 500.13900000 151.69100000
286.86230000 207.19750000 500.97590000 27.74229000 636.22500000 176.99000000
260.80900000 187.65170000 454.05730000 25.74925000 560.93100000 166.14100000
268.42670000 178.64040000 438.61940000 22.75702000 555.91800000 157.50000000
253.64230000 186.22190000 448.82480000 26.20563000 539.46900000 169.50600000
269.51570000 196.16320000 473.59080000 26.92112000 557.78700000 183.83400000
269.62000000 194.53100000 470.44970000 26.49763000 578.47600000 173.08400000
281.06230000 186.77290000 458.71060000 23.44625000 594.04100000 160.21800000
261.99330000 194.09520000 466.96900000 27.26333000 558.39200000 177.27700000
244.65570000 177.72740000 429.24270000 25.04941000 517.67300000 161.68300000
270.77330000 198.98750000 479.50260000 27.49467000 604.51000000 170.59500000
259.37330000 170.45460000 419.47400000 21.70066000 529.50400000 151.85100000
218.49700000 158.09080000 382.11430000 22.95202000 444.55100000 150.88700000
243.82230000 176.48020000 426.53180000 24.82215000 522.43900000 157.62300000
299.34900000 183.51720000 457.13540000 21.12795000 614.98700000 154.65100000
273.89330000 187.65410000 458.29710000 24.35586000 568.64000000 168.18100000
278.08000000 177.45030000 438.97660000 21.59302000 556.08000000 159.31300000
231.87770000 131.65930000 332.11920000 15.30652000 422.30900000 124.70100000
251.61570000 169.62170000 415.49840000 22.26088000 520.18900000 151.19900000
289.36670000 191.80030000 471.27600000 23.82198000 607.22200000 165.77700000
282.68430000 176.43840000 438.15640000 20.97115000 554.07500000 160.37000000
291.11570000 157.02360000 399.28170000 16.35687000 592.63700000 122.56200000
260.93330000 171.96140000 422.96870000 21.90605000 540.83000000 150.45400000
280.05100000 190.94860000 466.76110000 24.52280000 583.09900000 169.94200000
267.84230000 181.54400000 444.25890000 23.50233000 574.34300000 154.94100000
233.04430000 150.07930000 370.66840000 19.37859000 428.75300000 152.31900000
237.46450000 174.24730000 420.00990000 24.98523000 543.00000000 145.02200000
238.71570000 153.39660000 379.00750000 19.63212000 493.33700000 132.43900000
290.20900000 198.49900000 484.93420000 25.29587000 590.70500000 182.36100000
277.72900000 194.06410000 472.20700000 25.50642000 585.99100000 172.61300000
277.85550000 216.99560000 516.52430000 31.32693000 641.50100000 186.13600000
288.70430000 200.85250000 489.12810000 26.00524000 628.21300000 171.27900000
251.83100000 177.47520000 431.14430000 24.17608000 514.22900000 165.64600000
243.91550000 182.82910000 438.84150000 26.48320000 551.02700000 156.57700000
245.94670000 161.13210000 396.75220000 20.78034000 516.94200000 137.88100000
293.56670000 204.72460000 498.33300000 26.43102000 646.90400000 172.11300000
258.18430000 187.35200000 452.58330000 25.97037000 537.77900000 173.77700000
253.22000000 187.58960000 451.32030000 26.61221000 564.11600000 162.13100000
265.68230000 187.38350000 455.14680000 25.14646000 595.45300000 155.44000000
289.28670000 198.43940000 484.52890000 25.37353000 602.26400000 177.35300000
231.53100000 163.26540000 396.57940000 22.80431000 472.73100000 152.46300000
242.52230000 176.66220000 426.44150000 25.02104000 519.08700000 158.68300000
244.92430000 171.26810000 416.68040000 23.36640000 523.07900000 150.07100000
312.96900000 225.08560000 544.67990000 29.27416000 733.72300000 179.04900000
290.26670000 197.87260000 483.70510000 25.14311000 607.65600000 174.84700000
262.24670000 173.47260000 426.39880000 22.13581000 582.75400000 139.12600000
297.71330000 208.98140000 508.06470000 27.01953000 651.30600000 178.09300000
318.95770000 153.26700000 396.32050000 14.09926000 536.93700000 146.81000000
297.99770000 187.85430000 465.70460000 22.17215000 620.53500000 158.49400000
216.67570000 127.37960000 319.52460000 15.55539000 414.95100000 114.85700000
212.67950000 123.99560000 311.45830000 15.11814000 440.67100000 99.78070000
237.87100000 147.18860000 366.06240000 18.26482000 502.90900000 120.17900000
277.11570000 147.19350000 375.15730000 15.35454000 531.36700000 123.67700000
250.27330000 164.87840000 405.57230000 21.25482000 506.47800000 148.84100000
262.22000000 167.23200000 413.74100000 20.69136000 536.86200000 145.43300000
217.03630000 92.91320000 243.93070000 8.67467600 309.45100000 113.05700000
174.57130000 129.34670000 311.18410000 20.45755000 432.33600000 98.31800000
248.48900000 155.83770000 386.67910000 19.31099000 497.13300000 138.19700000
269.98900000 202.01400000 485.06240000 28.36456000 599.88900000 176.35300000
282.41770000 212.31600000 509.31660000 29.53975000 634.11700000 183.56400000
240.27570000 172.22590000 417.03610000 24.12807000 488.44500000 163.53500000
235.18430000 169.59710000 410.19170000 24.03110000 486.86300000 157.90200000
254.52000000 190.84330000 458.04630000 27.31057000 602.28400000 154.53900000
231.62430000 170.77090000 411.24560000 24.76462000 477.97300000 162.03200000
263.13330000 135.68100000 347.34220000 14.01346000 443.64000000 135.88200000
279.89770000 83.19232000 227.07920000 5.29789300 335.94700000 131.03300000
270.58670000 191.49160000 464.82420000 25.63430000 588.59800000 165.27400000
291.95120000 213.43150000 514.83710000 28.72184000 723.23700000 160.61000000
233.49330000 157.69880000 386.16040000 21.18621000 488.99000000 138.40800000
276.30230000 198.56490000 480.57330000 26.76479000 593.00300000 176.13100000
258.89770000 189.02640000 456.08120000 26.31753000 563.27100000 166.59500000
286.18000000 215.18900000 516.18710000 29.82922000 633.10800000 189.49500000
271.21770000 200.10980000 481.82860000 27.72972000 604.71500000 172.29900000
274.64670000 199.01490000 480.89020000 27.06109000 574.61800000 183.36800000
287.74900000 207.84570000 502.53960000 27.80489000 642.07500000 176.21800000
229.24670000 160.12780000 389.65850000 22.25177000 458.91800000 152.51800000
220.44470000 148.17980000 363.16730000 20.16331000 429.17400000 142.85000000
246.37120000 176.68360000 427.78880000 24.58256000 552.85100000 148.02700000
312.96900000 225.08560000 544.67990000 29.27416000 733.72300000 179.04900000
290.26670000 197.87260000 483.70510000 25.14311000 607.65600000 174.84700000
262.24670000 173.47260000 426.39880000 22.13581000 582.75400000 139.12600000
297.71330000 208.98140000 508.06470000 27.01953000 651.30600000 178.09300000
318.95770000 153.26700000 396.32050000 14.09926000 536.93700000 146.81000000
297.99770000 187.85430000 465.70460000 22.17215000 620.53500000 158.49400000
216.67570000 127.37960000 319.52460000 15.55539000 414.95100000 114.85700000
212.67950000 123.99560000 311.45830000 15.11814000 440.67100000 99.78070000
237.87100000 147.18860000 366.06240000 18.26482000 502.90900000 120.17900000
277.11570000 147.19350000 375.15730000 15.35454000 531.36700000 123.67700000
250.27330000 164.87840000 405.57230000 21.25482000 506.47800000 148.84100000
262.22000000 167.23200000 413.74100000 20.69136000 536.86200000 145.43300000
217.03630000 92.91320000 243.93070000 8.67467600 309.45100000 113.05700000
174.57130000 129.34670000 311.18410000 20.45755000 432.33600000 98.31800000
248.48900000 155.83770000 386.67910000 19.31099000 497.13300000 138.19700000
269.98900000 202.01400000 485.06240000 28.36456000 599.88900000 176.35300000
282.41770000 212.31600000 509.31660000 29.53975000 634.11700000 183.56400000
240.27570000 172.22590000 417.03610000 24.12807000 488.44500000 163.53500000
235.18430000 169.59710000 410.19170000 24.03110000 486.86300000 157.90200000
254.52000000 190.84330000 458.04630000 27.31057000 602.28400000 154.53900000
231.62430000 170.77090000 411.24560000 24.76462000 477.97300000 162.03200000
263.13330000 135.68100000 347.34220000 14.01346000 443.64000000 135.88200000
279.89770000 83.19232000 227.07920000 5.29789300 335.94700000 131.03300000
270.58670000 191.49160000 464.82420000 25.63430000 588.59800000 165.27400000
291.95120000 213.43150000 514.83710000 28.72184000 723.23700000 160.61000000
233.49330000 157.69880000 386.16040000 21.18621000 488.99000000 138.40800000
276.30230000 198.56490000 480.57330000 26.76479000 593.00300000 176.13100000
258.89770000 189.02640000 456.08120000 26.31753000 563.27100000 166.59500000
286.18000000 215.18900000 516.18710000 29.82922000 633.10800000 189.49500000
271.21770000 200.10980000 481.82860000 27.72972000 604.71500000 172.29900000
274.64670000 199.01490000 480.89020000 27.06109000 574.61800000 183.36800000
287.74900000 207.84570000 502.53960000 27.80489000 642.07500000 176.21800000
229.24670000 160.12780000 389.65850000 22.25177000 458.91800000 152.51800000
220.44470000 148.17980000 363.16730000 20.16331000 429.17400000 142.85000000
246.37120000 176.68360000 427.78880000 24.58256000 552.85100000 148.02700000
312.96900000 225.08560000 544.67990000 29.27416000 733.72300000 179.04900000
290.26670000 197.87260000 483.70510000 25.14311000 607.65600000 174.84700000
262.24670000 173.47260000 426.39880000 22.13581000 582.75400000 139.12600000
297.71330000 208.98140000 508.06470000 27.01953000 651.30600000 178.09300000
318.95770000 153.26700000 396.32050000 14.09926000 536.93700000 146.81000000
297.99770000 187.85430000 465.70460000 22.17215000 620.53500000 158.49400000
216.67570000 127.37960000 319.52460000 15.55539000 414.95100000 114.85700000
212.67950000 123.99560000 311.45830000 15.11814000 440.67100000 99.78070000
237.87100000 147.18860000 366.06240000 18.26482000 502.90900000 120.17900000
277.11570000 147.19350000 375.15730000 15.35454000 531.36700000 123.67700000
250.27330000 164.87840000 405.57230000 21.25482000 506.47800000 148.84100000
262.22000000 167.23200000 413.74100000 20.69136000 536.86200000 145.43300000
217.03630000 92.91320000 243.93070000 8.67467600 309.45100000 113.05700000
174.57130000 129.34670000 311.18410000 20.45755000 432.33600000 98.31800000
248.48900000 155.83770000 386.67910000 19.31099000 497.13300000 138.19700000
269.98900000 202.01400000 485.06240000 28.36456000 599.88900000 176.35300000
282.41770000 212.31600000 509.31660000 29.53975000 634.11700000 183.56400000
240.27570000 172.22590000 417.03610000 24.12807000 488.44500000 163.53500000
235.18430000 169.59710000 410.19170000 24.03110000 486.86300000 157.90200000
254.52000000 190.84330000 458.04630000 27.31057000 602.28400000 154.53900000
231.62430000 170.77090000 411.24560000 24.76462000 477.97300000 162.03200000
263.13330000 135.68100000 347.34220000 14.01346000 443.64000000 135.88200000
279.89770000 83.19232000 227.07920000 5.29789300 335.94700000 131.03300000
270.58670000 191.49160000 464.82420000 25.63430000 588.59800000 165.27400000
291.95120000 213.43150000 514.83710000 28.72184000 723.23700000 160.61000000
233.49330000 157.69880000 386.16040000 21.18621000 488.99000000 138.40800000
276.30230000 198.56490000 480.57330000 26.76479000 593.00300000 176.13100000
258.89770000 189.02640000 456.08120000 26.31753000 563.27100000 166.59500000
286.18000000 215.18900000 516.18710000 29.82922000 633.10800000 189.49500000
271.21770000 200.10980000 481.82860000 27.72972000 604.71500000 172.29900000
274.64670000 199.01490000 480.89020000 27.06109000 574.61800000 183.36800000
287.74900000 207.84570000 502.53960000 27.80489000 642.07500000 176.21800000
229.24670000 160.12780000 389.65850000 22.25177000 458.91800000 152.51800000
220.44470000 148.17980000 363.16730000 20.16331000 429.17400000 142.85000000
246.37120000 176.68360000 427.78880000 24.58256000 552.85100000 148.02700000
312.96900000 225.08560000 544.67990000 29.27416000 733.72300000 179.04900000
290.26670000 197.87260000 483.70510000 25.14311000 607.65600000 174.84700000
262.24670000 173.47260000 426.39880000 22.13581000 582.75400000 139.12600000
297.71330000 208.98140000 508.06470000 27.01953000 651.30600000 178.09300000
318.95770000 153.26700000 396.32050000 14.09926000 536.93700000 146.81000000
297.99770000 187.85430000 465.70460000 22.17215000 620.53500000 158.49400000
216.67570000 127.37960000 319.52460000 15.55539000 414.95100000 114.85700000
212.67950000 123.99560000 311.45830000 15.11814000 440.67100000 99.78070000
237.87100000 147.18860000 366.06240000 18.26482000 502.90900000 120.17900000
277.11570000 147.19350000 375.15730000 15.35454000 531.36700000 123.67700000
250.27330000 164.87840000 405.57230000 21.25482000 506.47800000 148.84100000
262.22000000 167.23200000 413.74100000 20.69136000 536.86200000 145.43300000
217.03630000 92.91320000 243.93070000 8.67467600 309.45100000 113.05700000
174.57130000 129.34670000 311.18410000 20.45755000 432.33600000 98.31800000
248.48900000 155.83770000 386.67910000 19.31099000 497.13300000 138.19700000
269.98900000 202.01400000 485.06240000 28.36456000 599.88900000 176.35300000
282.41770000 212.31600000 509.31660000 29.53975000 634.11700000 183.56400000
240.27570000 172.22590000 417.03610000 24.12807000 488.44500000 163.53500000
235.18430000 169.59710000 410.19170000 24.03110000 486.86300000 157.90200000
254.52000000 190.84330000 458.04630000 27.31057000 602.28400000 154.53900000
231.62430000 170.77090000 411.24560000 24.76462000 477.97300000 162.03200000
263.13330000 135.68100000 347.34220000 14.01346000 443.64000000 135.88200000
279.89770000 83.19232000 227.07920000 5.29789300 335.94700000 131.03300000
270.58670000 191.49160000 464.82420000 25.63430000 588.59800000 165.27400000
291.95120000 213.43150000 514.83710000 28.72184000 723.23700000 160.61000000
233.49330000 157.69880000 386.16040000 21.18621000 488.99000000 138.40800000
276.30230000 198.56490000 480.57330000 26.76479000 593.00300000 176.13100000
258.89770000 189.02640000 456.08120000 26.31753000 563.27100000 166.59500000
286.18000000 215.18900000 516.18710000 29.82922000 633.10800000 189.49500000
271.21770000 200.10980000 481.82860000 27.72972000 604.71500000 172.29900000
274.64670000 199.01490000 480.89020000 27.06109000 574.61800000 183.36800000
287.74900000 207.84570000 502.53960000 27.80489000 642.07500000 176.21800000
229.24670000 160.12780000 389.65850000 22.25177000 458.91800000 152.51800000
220.44470000 148.17980000 363.16730000 20.16331000 429.17400000 142.85000000
246.37120000 176.68360000 427.78880000 24.58256000 552.85100000 148.02700000
333.84670000 162.33630000 419.08140000 14.88441000 614.16600000 136.43000000
240.52230000 184.07560000 439.98450000 27.24786000 513.28500000 171.55100000
333.67770000 160.43090000 414.81260000 14.57207000 661.85500000 119.65700000
301.13330000 203.27130000 497.80440000 25.34191000 656.15400000 169.50400000
324.89770000 216.14550000 530.74080000 26.03387000 716.20900000 175.82300000
249.21100000 180.30580000 435.81290000 25.19003000 514.51300000 168.83100000
304.98670000 212.98540000 518.30480000 27.22489000 638.73800000 191.18500000
365.84430000 148.03470000 391.32270000 11.31464000 692.96300000 104.24300000
223.10670000 164.34270000 395.83580000 24.07623000 465.17400000 153.77600000
333.84670000 162.33630000 419.08140000 14.88441000 614.16600000 136.43000000
240.52230000 184.07560000 439.98450000 27.24786000 513.28500000 171.55100000
333.67770000 160.43090000 414.81260000 14.57207000 661.85500000 119.65700000
301.13330000 203.27130000 497.80440000 25.34191000 656.15400000 169.50400000
324.89770000 216.14550000 530.74080000 26.03387000 716.20900000 175.82300000
249.21100000 180.30580000 435.81290000 25.19003000 514.51300000 168.83100000
304.98670000 212.98540000 518.30480000 27.22489000 638.73800000 191.18500000
365.84430000 148.03470000 391.32270000 11.31464000 692.96300000 104.24300000
223.10670000 164.34270000 395.83580000 24.07623000 465.17400000 153.77600000
333.84670000 162.33630000 419.08140000 14.88441000 614.16600000 136.43000000
240.52230000 184.07560000 439.98450000 27.24786000 513.28500000 171.55100000
333.67770000 160.43090000 414.81260000 14.57207000 661.85500000 119.65700000
301.13330000 203.27130000 497.80440000 25.34191000 656.15400000 169.50400000
324.89770000 216.14550000 530.74080000 26.03387000 716.20900000 175.82300000
249.21100000 180.30580000 435.81290000 25.19003000 514.51300000 168.83100000
304.98670000 212.98540000 518.30480000 27.22489000 638.73800000 191.18500000
365.84430000 148.03470000 391.32270000 11.31464000 692.96300000 104.24300000
223.10670000 164.34270000 395.83580000 24.07623000 465.17400000 153.77600000
333.84670000 162.33630000 419.08140000 14.88441000 614.16600000 136.43000000
240.52230000 184.07560000 439.98450000 27.24786000 513.28500000 171.55100000
333.67770000 160.43090000 414.81260000 14.57207000 661.85500000 119.65700000
301.13330000 203.27130000 497.80440000 25.34191000 656.15400000 169.50400000
324.89770000 216.14550000 530.74080000 26.03387000 716.20900000 175.82300000
249.21100000 180.30580000 435.81290000 25.19003000 514.51300000 168.83100000
304.98670000 212.98540000 518.30480000 27.22489000 638.73800000 191.18500000
365.84430000 148.03470000 391.32270000 11.31464000 692.96300000 104.24300000
223.10670000 164.34270000 395.83580000 24.07623000 465.17400000 153.77600000
333.84670000 162.33630000 419.08140000 14.88441000 614.16600000 136.43000000
240.52230000 184.07560000 439.98450000 27.24786000 513.28500000 171.55100000
333.67770000 160.43090000 414.81260000 14.57207000 661.85500000 119.65700000
301.13330000 203.27130000 497.80440000 25.34191000 656.15400000 169.50400000
324.89770000 216.14550000 530.74080000 26.03387000 716.20900000 175.82300000
249.21100000 180.30580000 435.81290000 25.19003000 514.51300000 168.83100000
304.98670000 212.98540000 518.30480000 27.22489000 638.73800000 191.18500000
365.84430000 148.03470000 391.32270000 11.31464000 692.96300000 104.24300000
223.10670000 164.34270000 395.83580000 24.07623000 465.17400000 153.77600000
333.84670000 162.33630000 419.08140000 14.88441000 614.16600000 136.43000000
240.52230000 184.07560000 439.98450000 27.24786000 513.28500000 171.55100000
333.67770000 160.43090000 414.81260000 14.57207000 661.85500000 119.65700000
301.13330000 203.27130000 497.80440000 25.34191000 656.15400000 169.50400000
324.89770000 216.14550000 530.74080000 26.03387000 716.20900000 175.82300000
249.21100000 180.30580000 435.81290000 25.19003000 514.51300000 168.83100000
304.98670000 212.98540000 518.30480000 27.22489000 638.73800000 191.18500000
365.84430000 148.03470000 391.32270000 11.31464000 692.96300000 104.24300000
223.10670000 164.34270000 395.83580000 24.07623000 465.17400000 153.77600000
333.84670000 162.33630000 419.08140000 14.88441000 614.16600000 136.43000000
240.52230000 184.07560000 439.98450000 27.24786000 513.28500000 171.55100000
333.67770000 160.43090000 414.81260000 14.57207000 661.85500000 119.65700000
301.13330000 203.27130000 497.80440000 25.34191000 656.15400000 169.50400000
324.89770000 216.14550000 530.74080000 26.03387000 716.20900000 175.82300000
249.21100000 180.30580000 435.81290000 25.19003000 514.51300000 168.83100000
304.98670000 212.98540000 518.30480000 27.22489000 638.73800000 191.18500000
365.84430000 148.03470000 391.32270000 11.31464000 692.96300000 104.24300000
223.10670000 164.34270000 395.83580000 24.07623000 465.17400000 153.77600000
333.84670000 162.33630000 419.08140000 14.88441000 614.16600000 136.43000000
240.52230000 184.07560000 439.98450000 27.24786000 513.28500000 171.55100000
333.67770000 160.43090000 414.81260000 14.57207000 661.85500000 119.65700000
301.13330000 203.27130000 497.80440000 25.34191000 656.15400000 169.50400000
324.89770000 216.14550000 530.74080000 26.03387000 716.20900000 175.82300000
249.21100000 180.30580000 435.81290000 25.19003000 514.51300000 168.83100000
304.98670000 212.98540000 518.30480000 27.22489000 638.73800000 191.18500000
365.84430000 148.03470000 391.32270000 11.31464000 692.96300000 104.24300000
223.10670000 164.34270000 395.83580000 24.07623000 465.17400000 153.77600000
333.84670000 162.33630000 419.08140000 14.88441000 614.16600000 136.43000000
240.52230000 184.07560000 439.98450000 27.24786000 513.28500000 171.55100000
333.67770000 160.43090000 414.81260000 14.57207000 661.85500000 119.65700000
301.13330000 203.27130000 497.80440000 25.34191000 656.15400000 169.50400000
324.89770000 216.14550000 530.74080000 26.03387000 716.20900000 175.82300000
249.21100000 180.30580000 435.81290000 25.19003000 514.51300000 168.83100000
304.98670000 212.98540000 518.30480000 27.22489000 638.73800000 191.18500000
365.84430000 148.03470000 391.32270000 11.31464000 692.96300000 104.24300000
223.10670000 164.34270000 395.83580000 24.07623000 465.17400000 153.77600000
333.84670000 162.33630000 419.08140000 14.88441000 614.16600000 136.43000000
240.52230000 184.07560000 439.98450000 27.24786000 513.28500000 171.55100000
333.67770000 160.43090000 414.81260000 14.57207000 661.85500000 119.65700000
301.13330000 203.27130000 497.80440000 25.34191000 656.15400000 169.50400000
324.89770000 216.14550000 530.74080000 26.03387000 716.20900000 175.82300000
249.21100000 180.30580000 435.81290000 25.19003000 514.51300000 168.83100000
304.98670000 212.98540000 518.30480000 27.22489000 638.73800000 191.18500000
365.84430000 148.03470000 391.32270000 11.31464000 692.96300000 104.24300000
223.10670000 164.34270000 395.83580000 24.07623000 465.17400000 153.77600000
