      0.17446215       0.21178666       0.20995130       0.19090435       0.17495959
      0.17125174       0.15444556       0.16779047       0.16673636       0.18290798
      0.17150635       0.15555155       0.16989270       0.16724645       0.18296301
      0.17561111       0.22275466       0.22143310       0.19335049       0.17518085
      0.17169347       0.15823495       0.17201497       0.16778009       0.18300854
      0.17346758       0.18555969       0.19024406       0.17947210       0.17904882
      0.17349121       0.18462193       0.18991269       0.17942666       0.17905127
      0.17537764       0.22076896       0.21921122       0.19287571       0.17513664
      0.17355967       0.18548781       0.19064568       0.17960204       0.17906637
      0.17152931       0.15678018       0.17060520       0.16738601       0.18297012
      0.17442504       0.19583970       0.20055279       0.18175341       0.17925136
      0.17170277       0.15927005       0.17257559       0.16788036       0.18301226
      0.17429893       0.19397470       0.19882607       0.18141113       0.17922421
      0.17168060       0.15804988       0.17186835       0.16774338       0.18300541
      0.17424355       0.19327849       0.19822168       0.18127017       0.17921199
      0.17299379       0.17664236       0.18423666       0.17572516       0.18033867
      0.17465962       0.20236930       0.20474859       0.18510337       0.17785142
      0.17307444       0.17770737       0.18512043       0.17593998       0.18035704
      0.17360505       0.18363506       0.19105352       0.17704152       0.18060960
      0.17166966       0.15854838       0.17217915       0.16770698       0.18304782
      0.17352669       0.18234073       0.18992658       0.17681275       0.18059187
      0.17459229       0.20122786       0.20375013       0.18491141       0.17783694
      0.17304114       0.17657334       0.18436076       0.17579325       0.18034832
      0.17456947       0.20095241       0.20350671       0.18485539       0.17783204
      0.17360419       0.18362442       0.19104451       0.17703934       0.18060938
      0.17406794       0.19165167       0.19649260       0.18080932       0.17921455
      0.17272541       0.17224157       0.18138440       0.17367056       0.18109600
      0.17401692       0.19074330       0.19571999       0.18065749       0.17920320
      0.17406937       0.19166908       0.19650753       0.18081284       0.17921488
      0.17319897       0.17798328       0.18674351       0.17489670       0.18120213
      0.17369597       0.18566671       0.19197060       0.17842254       0.17994870
