      0.19241282
      0.16862643
      0.16943201
      0.19766605
      0.17054641
      0.18155846
      0.18130076
      0.19667402
      0.18167230
      0.16985415
      0.18636446
      0.17088820
      0.18554701
      0.17046952
      0.18524519
      0.17798732
      0.18894646
      0.17843986
      0.18118896
      0.17063040
      0.18063973
      0.18846373
      0.17802337
      0.18834321
      0.18118437
      0.18444721
      0.17622361
      0.18406819
      0.18445474
      0.17880492
      0.18194088
