0.016173
0.0428866
0.0863692
0.0445241
0.0779582
0.0388142
0.139459
0.157114
0.116125
0.0987697
0.0831339
0.0588914
0.131958
0.194812
0.078627
0.0148095
0.0241757
0.0250443
0.0744398
0.0896901
0.00727755
0.0612166
0.073024
0.0441998
0.0346629
0.105069
0.0180983
0.0226415
0.0242345
0.0375166
0.0175001
0.0445296
0.0327914
0.0842569
0.111285
0.0258483
0.139594
0.117398
0.0484263
0.06549
0.0662206
0.0521255
0.145853
0.142557
0.0910447
0.100443
0.115899
0.135178
0.106335
0.117457
0.106417
0.0942242
0.102748
0.186993
0.0789071
0.0793517
0.0831356
0.107286
0.108951
0.0688922
0.082693
0.103768
0.0967281
0.0629867
0.0887567
0.0991372
0.139361
0.16368
0.0719094
0.077019
0.0598984
0.0920517
0.0818316
0.0262847
0.0502353
0.0715541
0.021644
0.0300034
0.052478
0.0620838
0.0317717
0.0481188
0.0570389
0.0855529
0.0762823
0.0837627
0.0517915
0.0392046
0.0533523
0.103734
0.0718144
0.0397574
0.0577218
0.100428
0.0702733
0.0392057
0.0695401
0.0670026
0.0957744
0.129898
0.025623
0.033526
0.0359327
0.0488177
0.0304613
0.0673071
0.0864346
0.0490405
0.0362659
0.0687184
0.0805319
0.0432
0.0616274
0.0727044
0.0975189
0.109972
0.10701
0.103314
0.119486
0.129851
0.12194
0.0903614
0.0778794
0.0993398
0.117995
0.10282
0.0754633
0.0949549
0.111975
0.085375
0.0973838
0.102854
0.0975768
0.120453
0.120358
0.11755
0.0885076
0.0848793
0.117036
0.119877
0.0659278
0.0859471
0.106579
0.109936
0.0575102
0.0945543
0.111989
0.103799
0.128515
0.156257
0.0524703
0.0731215
0.0878089
0.0802564
0.0668769
0.0858832
0.088976
0.0972373
0.0972276
0.106339
0.0654848
0.0821736
0.0819043
0.0930118
0.0922559
0.107105
0.076582
0.0998097
0.104074
0.117698
0.0554071
0.0431201
0.0726985
0.0899709
0.0615331
0.0480388
0.073055
0.0753946
0.0643854
0.0615117
0.0715474
0.0474619
0.100528
0.0978438
0.0965453
0.0263875
0.0450008
0.0461666
0.0286802
0.0402901
0.0479164
0.0288625
0.0678718
0.0463151
0.042467
0.0422467
0.0454956
0.0332423
0.0667412
0.0495006
0.0456046
0.0591015
0.0449805
0.0422429
0.103983
0.0346912
0.0529473
0.0708653
0.0570027
0.0529399
0.0905209
0.0652064
0.0918928
0.0445564
0.0551474
0.0524917
0.083574
0.0698178
0.084096
0.0620846
0.0674807
0.074212
0.107246
0.0329397
0.030769
0.0540597
0.0488079
0.0545766
0.04003
0.044852
0.046476
0.0847435
0.0407345
0.0463139
0.0436174
0.0823146
0.0722125
0.0903107
0.0848484
0.0979423
0.107824
0.100914
0.0855941
0.0965311
0.103565
0.100533
0.0911642
0.109087
0.111068
0.111343
0.132851
0.126593
0.0689881
0.0795865
0.0872048
0.0902016
0.0740684
0.0810288
0.0800277
0.0924225
0.0989981
0.116289
0.0757983
0.07874
0.0760923
0.089572
0.0930664
0.106226
0.0861744
0.0995976
0.116041
0.116902
0.0703582
0.0867462
0.0991242
0.0904787
0.0670685
0.0854305
0.0790114
0.0943228
0.0923375
0.119086
0.0648845
0.0798862
0.0782038
0.0905111
0.0921906
0.111113
0.0648031
0.0908618
0.0958057
0.120663
0.0668187
0.0708753
0.0714381
0.0779996
0.084355
0.0951981
0.0737964
0.089803
0.100615
0.10395
0.0661144
0.0887751
0.102383
0.0990717
0.0401439
0.063717
0.0514159
0.056123
0.0575569
0.0409986
0.0765363
0.080772
0.0913512
0.0564807
0.0599417
0.0443949
0.080357
0.088956
0.0846144
0.0759169
0.0800637
0.0861599
0.103434
0.0384975
0.0389428
0.0324805
0.0646977
0.0501779
0.0524093
0.055606
0.0461383
0.0552974
0.0635599
0.0567187
0.046179
0.0474494
0.0617809
0.05665
0.0419414
0.0507041
0.0463467
0.0713699
0.0661584
0.0763547
0.0553001
0.0707185
0.0744712
0.0890784
0.0521507
0.0684673
0.0753295
0.0929352
0.0779169
0.0417532
0.0422694
0.0458709
0.059325
0.0523045
0.0531316
0
0
0
0
0
0
0
0
0
