1.035069263
2.744740369
5.52763168
2.849544094
4.989321856
2.48410609
8.925367569
10.05529174
7.432027365
6.321258702
5.320568329
3.769052649
8.445322863
12.46798732
5.032126653
0.947805037
1.547247708
1.602832002
4.764147468
5.740164454
0.465763078
3.917864938
4.673536803
2.828788321
2.218424244
6.724419457
1.158288452
1.449053955
1.551008768
2.401064767
1.120007434
2.84989328
2.098649628
5.392438733
7.122230349
1.654292996
8.934042018
7.513484413
3.099285612
4.19135945
4.238120461
3.336031173
9.334616658
9.123639636
5.826858627
6.428360376
7.41754013
8.651385444
6.805418987
7.517276243
6.810666901
6.03034862
6.575885182
11.96754513
5.050051962
5.07851143
5.320679396
6.866308098
6.972847949
4.409101379
5.29234955
6.641153275
6.190601161
4.031151016
5.680431703
6.344779824
8.919115431
10.47550435
4.602198578
4.929213275
3.833500341
5.891310484
5.237225383
1.682223483
3.215062397
4.579460119
1.385217557
1.920219936
3.358590871
3.973365159
2.033390991
3.079604221
3.650492311
5.475383341
4.882069048
5.360812471
3.314653861
2.509091811
3.414546678
6.638982988
4.596124175
2.544474805
3.694192662
6.427398469
4.497488724
2.509166039
4.450569491
4.288166835
6.12956093
8.313492917
1.639872758
2.145665371
2.29969556
3.124330639
1.949524227
4.307655608
5.53181402
3.138594506
2.321014967
4.397977392
5.154040474
2.764799739
3.94415337
4.653081449
6.24120773
7.038218323
6.848665527
6.612105901
7.647084302
8.310486463
7.804173318
5.783131288
4.984283549
6.357746972
7.551702853
6.580476143
4.829652109
6.077114965
7.16639925
5.46400131
6.232563009
6.582647111
6.244915117
7.708986292
7.702886696
7.52317022
5.664488361
5.432276639
7.490273502
7.672110564
4.219379029
5.500613789
6.821077121
7.035917511
3.680649971
6.051476647
7.167302594
6.643107076
8.224930353
10.00042861
3.358096055
4.679778812
5.619769675
5.136408024
4.280124368
5.496524213
5.694464005
6.223186998
6.222568685
6.805693121
4.191024638
5.25910726
5.241877108
5.952756317
5.904376508
6.854736799
4.90125114
6.387822881
6.660722092
7.532663865
3.546051263
2.759688511
4.652702328
5.758140755
3.938115989
3.074485809
4.675520323
4.825254115
4.1206627
3.936747602
4.579035978
3.037562343
6.433805716
6.262005102
6.178902124
1.6887983
2.880054118
2.954665426
1.835532943
2.578569501
3.06664881
1.847197056
4.343792717
2.964167379
2.717890359
2.703787377
2.911717191
2.12750862
4.271436556
3.16804093
2.918696778
3.782498488
2.878753804
2.703545369
6.65491718
2.220234132
3.388629455
4.535382387
3.648170387
3.388151881
5.793336751
4.173207095
5.881142315
2.851610899
3.529436375
3.359466542
5.348735312
4.468341824
5.382143304
3.973416295
4.318765144
4.749565855
6.863714007
2.108143869
1.969217196
3.459821918
3.123707478
3.492901729
2.5619168
2.870526574
2.974464863
5.42358087
2.607005394
2.964089057
2.791512252
5.268131343
4.621599213
5.779886627
5.43029503
6.268305532
6.900736513
6.458473692
5.478022772
6.177993326
6.628140886
6.434111625
5.834507598
6.981573206
7.108323389
7.125941488
8.502443496
8.101937907
4.415240092
5.093534463
5.581108683
5.772905582
4.740380658
5.185844367
5.121770821
5.915039239
6.335879722
7.442471572
4.851093677
5.039361309
4.869910286
5.732607253
5.956250132
6.798492501
5.515162013
6.37424907
7.426646664
7.481741857
4.502926849
5.551758339
6.343948808
5.790634467
4.292386148
5.467549982
5.056730461
6.036661987
5.909597827
7.621478839
4.152607395
5.11271685
5.005046041
5.792713393
5.900199965
7.111215114
4.147397964
5.815154755
6.131565072
7.72243511
4.276397702
4.536020052
4.572038807
4.991973743
5.398722939
6.09267556
4.722968701
5.74739352
6.4393552
6.652813505
4.231319506
5.681603567
6.552537962
6.34059197
2.569210068
4.077888576
3.290617245
3.591874706
3.683642982
2.623910692
4.898322572
5.169410826
5.846476026
3.614764452
3.836269918
2.841270658
5.142847327
5.693183421
5.415319291
4.858679132
5.124075334
5.514234973
6.61980731
2.463842333
2.492341552
2.078750749
4.14065174
3.211386608
3.354194442
3.558783973
2.952849399
3.539034581
4.067835972
3.629998914
2.955453147
3.036760771
3.953979329
3.625599078
2.684251405
3.245063381
2.96619046
4.567674531
4.234135006
4.8866981
3.539205997
4.525982561
4.766154192
5.701016552
3.337647684
4.381904126
4.821089871
5.947854814
4.986678581
2.672207094
2.705243805
2.935739397
3.796800086
3.347486847
3.400422363
0.0
0.0
0.0
0.0
0.0
0.0
0.0
0.0
0.0
