    262.47848511     165.11727905     408.73733521      20.08802795     531.12780762     144.58383179
    249.66484070     166.27795410     407.82131958      21.40350342     517.16461182     146.34109497
    251.03311157     156.86550903     388.81610107      19.20954323     498.11392212     140.75303650
    255.49650574     154.33283997     384.41430664      18.36651230     509.77044678     134.13307190
    235.66421509     156.40902710     383.66641235      20.40311813     488.47491455     137.08915710
    257.46932983     172.92346191     423.57031250      22.22941971     538.13006592     151.14920044
    258.80627441     163.63195801     404.86004639      20.03080368     520.02380371     145.32647705
    264.11181641     155.98570251     390.02688599      18.06274414     521.33453369     135.73451233
    242.54325867     160.80680847     394.62677002      20.78603363     501.26116943     141.47235107
    243.64680481     160.43911743     394.37759399      20.60163498     491.23764038     145.66447449
    251.31790161     165.36788940     406.29864502      21.05580902     522.71533203     143.33560181
    228.33642578     154.95965576     378.84677124      20.74391556     467.03750610     140.56411743
    252.85083008     153.35783386     381.90631104      18.33581543     497.96307373     136.39920044
    228.66906738     147.44044495     363.58596802      18.96545792     454.16055298     134.73995972
    236.38134766     150.94612122     372.48770142      19.13205528     485.36239624     130.41923523
    259.46200562     179.24714661     437.03231812      23.56406784     547.42877197     157.83061218
    259.96844482     170.00294495     418.35809326      21.34729004     529.55651855     151.50759888
    266.28399658     168.75700378     417.15203857      20.56358528     546.71795654     145.17610168
    246.69682312     169.44311523     413.43984985      22.43794250     517.98461914     149.53424072
    243.41516113     164.06460571     401.77133179      21.47316551     493.11541748     150.32492065
    255.63078308     174.13180542     425.45590210      22.68830490     539.90484619     151.34231567
    231.32402039     160.70243835     391.34466553      21.88918114     475.69793701     147.15780640
    256.42095947     164.71594238     406.40161133      20.46882057     522.01000977     144.96907043
    231.08964539     153.32821655     376.39633179      20.09607887     463.33612061     140.97775269
    240.23532104     159.48774719     391.20004272      20.68649292     500.38934326     138.69256592
    250.29397583     171.13619995     418.06509399      22.51572037     514.00927734     155.43194580
    259.84481812     177.08589172     432.63079834      22.98673058     551.72058105     152.73890686
    236.90934753     165.61833191     402.88284302      22.55997276     488.78399658     151.66816711
    261.51547241     167.94058228     414.37451172      20.74827194     535.48034668     146.48806763
    236.28164673     158.47903442     388.35781860      20.82457924     477.06103516     145.36984253
    244.66049194     161.73074341     396.99200439      20.80371666     510.06307983     140.00180054
    253.99832153     170.18553162     417.05844116      21.92129898     524.78137207     151.01333618
    223.27197266     150.36413574     368.20913696      20.14740753     442.15008545     141.86584473
    237.86901855     162.16862488     396.12322998      21.54720306     494.79061890     144.06391907
    236.18156433     153.64987183     378.28387451      19.71376419     477.35140991     137.71813965
    285.34170532     176.42727661     438.27667236      20.69621658     567.82092285     156.95491028
    283.25848389     166.13314819     416.22436523      18.71422768     549.40808105     148.19305420
    277.96783447     145.59396362     371.84851074      14.97468376     505.97354126     133.22827148
    261.09167480     160.20314026     398.36322021      19.11859703     515.57049561     143.21536255
    273.91183472     177.65628052     437.89364624      21.87629700     558.35589600     157.52883911
    273.86343384     162.34593201     406.11380005      18.60447884     529.40264893     146.63987732
    234.77583313     159.15919495     389.18963623      21.08266449     489.65130615     140.34696960
    268.36489868     148.57995605     375.91247559      16.18939018     499.82324219     135.74545288
    240.60058594     157.70132446     387.78689575      20.21818161     496.96710205     137.78742981
    246.26045227     140.62812805     353.80474854      16.16720200     465.41708374     128.00851440
    280.60467529     177.93490601     440.25878906      21.38480759     562.24206543     159.35147095
    282.08929443     167.36352539     418.57723999      19.03174019     549.94543457     149.30174255
    251.26577759     164.37023926     404.50042725      20.82703972     508.05279541     148.06170654
    277.93853760     154.68876648     390.95190430      16.75947189     523.83813477     139.18508911
    255.19819641     154.10916138     384.41455078      18.25631332     489.41851807     142.33227539
    256.52655029     144.84973145     365.12762451      16.29535294     484.79296875     130.92105103
    273.44610596     166.68164062     415.08551025      19.55629349     533.36315918     151.35684204
    234.03860474     156.59111023     383.89910889      20.53808594     478.08404541     140.98706055
    241.95010376     147.83572388     367.81665039      17.99207687     469.07421875     135.21810913
    243.50566101     135.56797791     342.85211182      15.27473736     442.33511353     128.82078552
    280.33563232     184.62796021     454.01269531      22.89900589     573.49279785     164.66854858
    284.56326294     182.78645325     451.11553955      22.12830162     584.93316650     158.84776306
    256.23077393     175.06945801     427.75341797      22.86253738     531.67614746     156.70439148
    285.15136719     173.33493042     431.54190063      20.07555008     571.32519531     150.54771423
    258.62365723     165.73191833     409.33905029      20.50803947     515.56909180     150.46943665
    260.79104614     157.97621155     393.58587646      18.67414093     513.25347900     140.57907104
    278.74249268     178.60787964     441.09039307      21.70492363     563.75134277     158.87219238
    240.80276489     165.61984253     404.19793701      22.03946495     499.89102173     148.67755127
    247.58541870     160.46646118     395.39987183      20.27897072     499.03622437     144.20101929
    249.99539185     149.69738770     373.85922241      17.73668289     476.86801147     138.49148560
    284.73919678     183.42402649     452.57730103      22.23963737     582.37756348     160.96696472
    250.25907898     166.58639526     408.90774536      21.43195152     502.44891357     153.41877747
    257.61151123     154.90570068     386.57537842      18.24389648     497.60278320     141.07254028
    244.93672180     155.60722351     384.84262085      19.42180252     479.25970459     144.00488281
    276.21850586     194.67776489     473.12246704      25.70652390     591.04821777     170.68696594
    278.64370728     184.06443787     452.00921631      22.95816803     586.31427002     157.48739624
    262.62017822     185.30242920     450.23794556      24.79298019     556.06683350     165.04550171
    260.85385132     184.13473511     447.35644531      24.70250702     549.59991455     165.18104553
    270.47744751     190.37100220     462.59936523      25.19393158     587.51708984     162.89758301
    254.48608398     182.34426880     441.74731445      24.97936249     538.28790283     164.44357300
    265.13180542     177.72155762     435.41415405      22.65959549     559.06378174     153.13000488
    247.10720825     172.34561157     419.53930664      23.15561867     515.11657715     155.48205566
    252.60897827     175.61738586     427.56802368      23.37226295     541.45581055     151.69145203
    266.42941284     189.08845520     458.94335938      25.37925529     565.10455322     168.72505188
    274.68234253     192.62597656     468.38079834      25.31105042     597.89916992     163.81091309
    258.21939087     185.31149292     448.81021118      25.34827232     547.01672363     166.95581055
    269.94146729     179.73716736     440.84164429      22.68772507     569.20349121     154.07910156
    250.87063599     175.31301880     426.61566162      23.51701736     523.74133301     158.04562378
    257.01202393     177.03350830     431.72055054      23.27568245     549.13012695     152.57339478
    264.91567993     185.16596985     450.51040649      24.48588181     567.65405273     160.80250549
    241.21206665     170.09754944     413.23974609      23.26746750     497.79312134     156.78466797
    255.39057922     180.45770264     438.14984131      24.31754303     548.70898438     157.31562805
    246.08784485     167.41049194     409.09197998      22.01733017     516.18853760     146.82203674
    275.51998901     201.44572449     486.27758789      27.66206741     595.38635254     179.13191223
    284.27862549     205.81098938     497.68878174      27.71410179     627.56872559     175.99459839
    264.01922607     193.56697083     466.88940430      26.95695496     564.53912354     174.99967957
    279.43319702     196.61399841     477.83062744      25.81855774     608.82196045     167.45651245
    259.18560791     187.44479370     453.34881592      25.78555870     553.01812744     168.19961548
    268.17691040     193.33879089     467.84246826      26.24253273     587.28698730     166.60046387
    274.78793335     197.22314453     477.66610718      26.55130005     595.64672852     172.02560425
    251.57917786     181.96166992     439.94540405      25.28963661     527.97851562     167.00614929
    264.38800049     191.55168152     463.04986572      26.26607132     573.69903564     167.96911621
    255.95962524     181.00508118     439.42318726      24.40912819     547.84375000     158.79989624
    278.02066040     199.78247070     483.74822998      26.85672951     605.60266113     173.16888428
    256.32772827     186.32481384     450.05380249      25.93117905     540.58221436     170.49890137
    267.10317993     193.29763794     467.37216187      26.41218185     580.97302246     168.75646973
    259.02105713     183.12655640     444.58953857      24.61759758     556.42242432     159.76716614
    254.44567871     181.93533325     440.82260132      24.87340355     540.45361328     162.73832703
    287.97698975     195.12094116     477.53417969      24.65262985     601.83660889     172.17074585
    290.24288940     187.60681152     462.46844482      22.76992798     600.06066895     162.46733093
    269.41348267     185.68846130     453.08587646      24.16039085     563.53515625     165.45335388
    284.01092529     170.43032837     425.22885132      19.57251358     561.67944336     149.80200195
    267.86175537     176.44668579     433.81884766      22.13938141     545.22985840     158.44026184
    270.94747925     170.37467957     421.83380127      20.57766724     547.02453613     149.86447144
    285.17681885     188.14888000     462.35522461      23.30039597     593.36346436     163.82766724
    264.69619751     186.84497070     454.07714844      24.90827370     562.17785645     165.82714844
    261.86141968     174.78517151     428.57379150      22.27975273     545.38897705     152.93492126
    259.19964600     159.91667175     397.29730225      19.21965408     509.68121338     144.37258911
    288.43811035     189.92590332     466.86727905      23.40522957     601.76690674     164.40217590
    260.74090576     178.43179321     435.94360352      23.25644875     536.81024170     161.71046448
    267.03713989     176.23095703     432.93170166      22.15503883     553.55456543     153.99697876
    263.97198486     160.77853394     400.32540894      19.01810837     516.36523438     145.01296997
    255.24690247     169.09028625     415.21078491      21.57528496     521.03778076     151.53527832
    298.48043823     209.16137695     508.89688110      26.97026443     647.94036865     178.79051208
    270.44549561     193.55836487     469.18515015      26.08526230     573.83593750     173.80039978
    276.34249878     193.86750793     471.46542358      25.45761490     594.95770264     167.71267700
    272.00143433     183.63333130     449.50933838      23.38456535     571.85461426     159.80953979
    265.90084839     185.02877808     450.64492798      24.35106277     560.23675537     164.15745544
    269.56082153     187.58950806     456.85537720      24.61151695     570.61444092     165.27925110
    245.65310669     153.63922119     380.50360107      18.97284317     498.35165405     133.35063171
    256.77276611     159.48641968     395.53042603      19.33688354     519.12731934     138.55081177
    237.69198608     156.75105286     385.06845093      20.28434372     485.25360107     139.85990906
    240.10681152     146.45993042     364.50030518      17.82900047     466.48016357     133.37838745
    244.87973022     145.57601929     363.33462524      17.37271881     491.58666992     123.78635406
    221.65315247     146.81576538     360.12124634      19.46341324     458.66192627     128.72273254
    258.89099121     168.97033691     415.78067017      21.21921921     533.94818115     147.57177734
    238.00045776     161.67774963     395.30462646      21.41952705     487.02069092     146.77102661
    240.95414734     151.58280945     375.48138428      18.84170723     469.64102173     140.14236450
    251.69535828     160.03872681     395.26116943      19.85735893     519.57336426     136.76995850
    225.14213562     153.52009583     374.92999268      20.70399475     465.80526733     137.53068542
    247.08715820     170.15420532     415.06411743      22.59343910     513.69116211     152.57312012
    249.41091919     160.29031372     395.63757324      20.05916977     497.46856689     145.47283936
    261.85241699     163.66777039     405.34680176      19.84167099     538.18371582     139.08987427
    233.56188965     160.46981812     391.45468140      21.56691360     486.21826172     143.28498840
    229.59989929     150.98501587     371.29806519      19.69203758     448.22274780     143.09521484
    247.00859070     166.38159180     407.22109985      21.67310715     517.58349609     145.03129578
    211.87825012     144.32090759     352.55499268      19.82910728     420.14462280     136.73742676
    247.57580566     155.62626648     385.31698608      19.20039749     496.92276001     137.75483704
    213.96957397     138.42808533     341.26214600      18.19242096     412.90948486     131.76934814
    229.16549683     153.14208984     375.11480713      20.22992325     479.12573242     132.96791077
    276.10168457     148.84680176     378.32473755      15.72432518     509.67138672     135.77174377
    256.02362061     151.31201172     378.37457275      17.69791794     499.02401733     134.56787109
    251.81709290     126.65040588     325.68579102      13.06808186     446.20214844     118.04133606
    224.90275574     149.83735657     366.98635864      19.85705566     482.69253540     124.76025391
    278.89889526     170.55166626     424.49554443      19.93035126     549.69909668     152.76571655
    276.95550537     157.13638306     395.96258545      17.30633163     524.24078369     142.33168030
    267.62155151     129.41421509     335.35983276      12.53834915     464.35205078     122.02595520
    250.40397644     151.95675659     378.47863770      18.19873238     492.17529297     135.72830200
    270.28067017     179.60937500     440.93872070      22.59403610     562.64978027     157.02302551
    262.39218140     148.33692932     374.13726807      16.54798317     488.36108398     137.58364868
    216.85375977     146.61750793     358.51751709      19.80885315     451.28848267     129.30589294
    254.85067749     129.33634949     332.54855347      13.24081993     440.41534424     125.74702454
    223.01074219     145.59878540     358.08404541      19.02236938     460.90576172     126.62536621
    231.37814331     133.61430359     335.26721191      15.85365009     445.65689087     118.91127777
    279.88961792     182.47573853     449.39715576      22.44997787     573.31536865     161.27047729
    284.35537720     173.06942749     430.95776367      20.08030319     563.99444580     153.04386902
    279.42587280     154.71658325     391.16244507      16.72823906     530.87078857     137.04173279
    256.44201660     166.81726074     410.81829834      20.93373489     524.86785889     147.18630981
    269.61276245     181.23199463     444.16180420      22.98142242     561.26373291     159.63809204
    271.60742188     169.40226746     420.16128540      20.26867485     542.49804688     150.62777710
    227.94804382     158.67697144     386.23022461      21.65314674     479.51690674     140.93679810
    269.52630615     156.41360474     392.52725220      17.70470047     518.27716064     140.23593140
    230.58724976     156.31271362     382.22778320      20.74681091     484.84918213     136.17939758
    240.77938843     146.23129272     364.09515381      17.73724174     471.13836670     131.41572571
    275.36904907     179.94502258     443.14312744      22.25612831     555.98028564     162.63882446
    281.68893433     175.43876648     435.20574951      20.75301552     568.39617920     153.42909241
    244.32170105     165.30947876     404.57049561      21.67641640     497.57977295     150.78645325
    280.64413452     163.38400269     409.70834351      18.34084702     547.28027344     143.58772278
    248.07067871     155.83767700     386.24752808      19.17695618     482.78750610     144.43608093
    253.01554871     152.92207336     381.04711914      18.21023941     499.41778564     135.18951416
    272.63088989     176.74821472     435.69891357      21.81255722     552.28601074     158.14280701
    218.72517395     148.32876587     362.77935791      20.02898598     441.87124634     136.77313232
    234.23828125     150.50558472     371.42349243      19.18224907     462.66860962     138.31045532
    237.16438293     138.13504028     346.70269775      16.25571251     438.12078857     131.46166992
    275.57913208     182.20391846     447.61660767      22.81824875     566.21472168     161.90859985
    261.79772949     184.35662842     448.06085205      24.63932419     554.94299316     163.66067505
    257.25225830     172.64700317     423.06387329      22.21402931     530.30407715     154.07150269
    263.08370972     169.38589478     417.58090210      21.01951981     545.60827637     145.33233643
    247.26423645     174.54968262     423.97967529      23.71091461     520.53295898     156.68721008
    269.04486084     190.01394653     461.59408569      25.29966354     574.30725098     167.37867737
    264.53939819     178.22645569     436.45733643      22.84428024     549.72607422     157.65275574
    275.19320679     169.62179565     421.19955444      20.12530136     555.45391846     147.20654297
    251.21968079     176.70512390     429.52700806      23.83716202     528.20111084     158.51870728
    249.17768860     173.58268738     422.67196655      23.27329826     515.47546387     158.15457153
    262.80184937     182.43336487     444.28182983      24.00644493     567.80322266     155.54423523
    240.92343140     171.83934021     416.53988647      23.77941513     502.64395142     157.27819824
    256.17913818     164.48802185     405.80392456      20.45927048     525.48309326     143.14346313
    231.95869446     159.72724915     389.62139893      21.58581543     473.99676514     146.69686890
    242.35083008     167.90287781     408.91656494      22.51441002     519.31079102     144.60368347
    276.37365723     202.77813721     489.19546509      27.89777756     600.88696289     179.29016113
    274.02767944     196.07868958     475.23071289      26.30244064     591.84912109     171.61915588
    284.16815186     199.53955078     485.10903931      26.03558731     625.48498535     167.00889587
    268.73117065     198.76976013     478.76049805      27.72728539     584.60559082     176.68855286
    262.19464111     190.24592590     459.82977295      26.23908424     556.61102295     172.37205505
    274.21160889     198.38389587     479.73129272      26.91018105     602.75103760     170.55647278
    249.54870605     182.08906555     439.41674805      25.62563133     524.41973877     167.90701294
    267.45043945     186.22274780     453.33911133      24.47343445     576.48913574     159.81626892
    243.88491821     175.52896118     424.80126953      24.41232681     511.84863281     160.47146606
    255.83134460     185.72477722     448.75430298      25.67549706     558.49835205     161.60714722
    269.91665649     197.45588684     476.52148438      27.29289627     579.34606934     177.27767944
    280.52609253     202.59280396     490.08291626      27.27933311     620.37103271     172.34835815
    256.67816162     188.47785950     454.32672119      26.52033615     544.46936035     172.40353394
    274.39770508     190.66470337     464.30816650      24.85702896     595.47229004     161.68699646
    249.81326294     180.94111633     437.38110352      25.18789482     528.36419678     164.44271851
    262.05441284     189.63273621     458.51571655      25.96816635     574.60516357     163.52236938
    265.04751587     189.18258667     458.60223389      25.54926872     569.20697021     166.45658875
    235.62382507     168.90550232     408.88375854      23.69715691     483.10195923     158.89045715
    255.33634949     185.51383972     448.12567139      25.75461197     549.69793701     164.77282715
    244.88264465     172.63693237     419.28140259      23.48147583     518.60632324     153.34170532
    288.25152588     189.22413635     465.50726318      23.30669785     590.35223389     168.23989868
    284.37036133     173.55831909     432.01910400      20.22005844     558.20104980     156.29074097
    282.67709351     143.52905273     368.70257568      14.34172821     493.30136108     138.28813171
    269.17050171     179.30093384     439.97186279      22.70549965     553.80157471     159.84585571
    280.98025513     180.00588989     444.34017944      21.86613464     577.18316650     156.39498901
    272.53558350     157.84704590     396.18096924      17.81404305     524.82861328     141.12731934
    258.75140381     179.67630005     437.80664062      23.67594528     551.70959473     156.50582886
    255.08377075     165.16677856     406.87222290      20.71692276     527.15606689     143.02890015
    284.61383057     193.18237305     472.68026733      24.50789261     593.35803223     171.25158691
    288.49755859     179.87228394     446.03411865      21.23220253     583.39154053     157.05233765
    261.60589600     181.32902527     441.99438477      23.88714981     545.85864258     162.70735168
    280.38226318     155.63229370     393.51937866      16.81803513     525.01385498     141.37887573
    258.32421875     169.29159546     416.59625244      21.34768677     520.40222168     153.66525269
    264.58380127     164.54711914     408.07742310      19.83529282     532.04699707     144.45686340
    282.68939209     189.34834290     464.14886475      23.78175735     594.12420654     164.16125488
    249.06985474     175.14999390     425.88247681      23.63182259     520.37805176     158.57400513
    252.46557617     170.93820190     418.13281250      22.23656273     527.81335449     150.16284180
    248.51296997     150.89630127     375.91989136      18.11926651     479.76522827     138.41944885
    287.76254272     205.05636597     497.54769897      27.10990524     618.14611816     180.54231262
    296.89608765     206.45947266     502.87899780      26.46401405     647.28662109     174.18693542
    291.73956299     192.02517700     471.79864502      23.62041855     618.86273193     161.76283264
    266.90176392     188.05641174     457.11529541      24.99945450     565.29333496     167.30187988
    274.45318604     191.15209961     465.39569092      24.95274734     595.07495117     162.63928223
    288.70745850     201.18582153     489.97851562      26.00674438     619.18432617     174.33918762
    256.12911987     183.31826782     444.30117798      25.00388718     537.05792236     167.26293945
    263.45907593     186.48493958     452.76171875      24.99436188     563.35650635     164.02767944
    257.99774170     173.27807617     424.52401733      22.27489853     533.93225098     153.73655701
    293.51812744     204.86392212     498.75152588      26.42433548     634.71398926     175.53567505
    260.40884399     186.76002502     452.45166016      25.49274063     545.75207520     170.79443359
    269.38494873     190.26786804     462.12036133      25.31471252     578.88720703     165.84616089
    263.82113647     177.01789856     433.74658203      22.60127640     549.73962402     155.33227539
    253.56564331     175.72064209     428.26083374      23.33116341     524.94586182     159.27438354
    235.27493286     168.57717896     408.02880859      23.68425369     479.44799805     159.88780212
    197.58041382     135.52853394     330.51690674      19.03186226     403.92318726     123.69635010
    255.01416016     151.27261353     377.69696045      17.89309120     508.68026733     130.04733276
    296.07772827     204.85078430     499.58462524      26.13199425     635.86505127     176.44433594
    279.77685547     179.49243164     442.84307861      21.85577393     579.82727051     153.76626587
    288.06732178     180.65457153     447.37387085      21.42811966     592.04821777     154.16860962
    292.04757690     174.17971802     434.64794922      19.94214821     579.23937988     152.01521301
    219.31147766      91.98532867     245.28884888       8.44432545     330.06387329     100.41426086
    231.50483704     144.28259277     357.32098389      18.10490799     475.12557983     122.58460999
    250.75215149     161.37286377     397.92129517      20.20797539     514.28723145     140.58114624
    216.73315430     142.09536743     349.51068115      18.79180527     419.96026611     135.51969910
    225.85055542     134.97994995     337.39468384      16.41929245     415.72085571     130.81221008
    242.05258179     153.16593933     378.29794312      19.18846893     508.08041382     126.85551453
    202.94284058     134.91523743     330.79379272      18.39286232     404.95837402     124.66739655
    236.66421509     134.79150391     338.58114624      15.88006783     463.13006592     116.03147888
    267.41522217     136.62442017     350.51123047      13.93852711     480.71929932     125.82498932
    252.18875122     164.52529907     404.83700562      20.77410507     526.43078613     141.18721008
    252.95889282     156.66442871     388.53939819      19.05444908     517.35174561     133.46640015
    203.42855835     139.39529419     339.38122559      19.40262985     455.48480225     110.55558777
    283.23510742     159.21617126     401.70492554      17.32089806     540.15295410     141.87678528
    258.50579834     174.23136902     426.62588501      22.35782242     545.95812988     150.41017151
    257.33529663     161.96517944     400.74990845      19.79368401     526.77264404     139.36801147
    252.69824219     137.38746643     348.23828125      15.16656780     475.73272705     121.92378998
    213.97370911     149.25613403     362.76846313      20.68421173     471.67587280     123.49947357
    272.24676514     176.76528931     435.70513916      21.79108620     551.65228271     158.15811157
    281.83795166     166.38325500     416.55694580      18.82893181     545.21728516     149.67697144
    274.03729248     141.78448486     362.59765625      14.61527252     503.80477905     126.80754089
    243.95016479     155.88699341     385.00930786      19.53807831     491.44378662     138.96151733
    265.20083618     178.63410950     437.56884766      22.92057419     536.82891846     164.29563904
    260.74255371     160.79727173     399.61373901      19.27949142     512.29034424     145.38009644
    260.07269287     142.14054871     360.62118530      15.43612385     472.86083984     133.58418274
    201.93962097     135.55494690     331.74496460      18.56113434     419.77069092     118.97004700
    224.13662720     136.73422241     339.91293335      17.05370140     445.44863892     120.24662781
    258.54550171     169.71926880     417.35824585      21.46678734     527.97570801     151.28344727
    271.64404297     169.58529663     420.53320312      20.41489220     535.82604980     154.00843811
    249.59689331     175.29315186     426.16192627      23.66765213     522.98400879     157.73516846
    244.53585815     159.07878113     391.85903931      20.23480034     489.00640869     145.05911255
    230.55642700     162.23031616     394.14288330      22.38975906     479.97979736     147.38973999
    288.43157959     211.27514648     509.99749756      28.59194946     643.74304199     179.73300171
    258.75143433     185.17761230     448.74810791      25.19769478     550.71771240     165.43392944
    269.39517212     189.40470886     460.20477295      25.05274582     595.16705322     157.67611694
    252.76528931     186.90162659     449.92269897      26.53065491     540.55926514     169.95736694
    272.59002686     201.94186401     486.17416382      28.21464920     591.61968994     180.24000549
    269.19601440     194.05601501     469.66177368      26.34354591     582.08776855     170.47770691
    278.78997803     193.36985779     471.00473022      25.09429359     608.20611572     162.25515747
    260.57318115     193.77261353     466.09594727      27.40816307     565.20422363     173.57673645
    247.26066589     177.91882324     430.53491211      24.74094772     512.07666016     165.68617249
    267.39477539     193.79307556     468.40902710      26.49157333     587.40734863     166.86614990
    258.22601318     176.34948730     430.64086914      23.00258255     549.62176514     151.89620972
    224.28083801     159.75099182     387.15301514      22.53107834     457.10952759     150.68913269
    246.46928406     179.91398621     434.14730835      25.21742630     541.08850098     155.81227112
    286.16180420     139.50862122     361.70953369      13.22195244     466.88427734     145.67179871
    277.88360596     190.51750183     465.28668213      24.48285294     587.32745361     166.72492981
    274.61547852     178.25700378     439.05752563      21.99741745     567.02734375     155.14151001
    264.69082642     137.34622192     350.86383057      14.53970909     481.11297607     125.79223633
    251.10739136     170.34692383     416.57586670      22.26044655     519.08593750     152.65469360
    284.42218018     190.16763306     466.39950562      23.85822105     589.55725098     168.20643616
    281.49041748     166.80490112     417.36968994      18.98832893     540.01116943     152.42700195
    282.82577515     112.36258698     303.38546753       8.38006973     418.84759521     124.31437683
    258.78964233     171.77421570     421.69116211      21.91431236     530.02770996     153.66775513
    289.40252686     206.07942200     500.16909790      27.12737656     627.81921387     178.82463074
    274.84396362     182.18695068     447.08001709      22.86086655     583.47308350     154.16654968
    238.32138062     168.26289368     408.69506836      23.05809593     497.07748413     152.96066284
    240.24337769     165.74798584     404.21960449      22.12936020     506.45239258     145.96340942
    240.33630371     155.43217468     382.64263916      19.80050087     505.83172607     130.41816711
    286.77374268     204.11221313     495.31878662      26.97406387     618.19793701     178.74362183
    277.33770752     202.22891235     488.55609131      27.50383949     607.67871094     176.01644897
    282.11318970     201.27432251     488.32843018      26.71455002     600.60937500     179.59671021
    286.19793701     200.71049500     488.14755249      26.13067627     624.03057861     170.36265564
    252.04910278     181.85943604     439.99130249      25.13101006     528.37561035     166.94653320
    248.98361206     176.22729492     427.93203735      23.88629532     523.78369141     158.69064331
    256.20819092     180.58894348     438.62200928      24.21030998     560.00152588     153.12089539
    294.29556274     204.32876587     497.76327515      26.21103477     642.85583496     171.56166077
    259.13696289     188.15805054     454.69897461      26.06644630     546.15466309     172.27400208
    255.23739624     180.41073608     438.22338867      24.34527206     534.64373779     163.30325317
    266.37734985     184.73069763     449.95523071      24.18701553     580.17517090     155.41007996
    287.96798706     201.81869507     491.04183960      26.24813271     618.25280762     175.34843445
    232.37301636     163.40307617     397.10659790      22.51498222     470.43603516     154.29138184
    252.02861023     178.56411743     433.37948608      24.22314835     535.57684326     158.43431091
    243.82958984     160.26016235     394.01037598      20.56303215     493.12335205     144.67221069
    311.59161377     222.56661987     539.80474854      28.82002831     707.79589844     180.58988953
    287.97821045     197.93791199     483.28262329      25.19886780     610.21661377     172.96652222
    271.50341797     170.82080078     421.94750977      20.90623474     576.05895996     138.60916138
    298.34893799     208.40701294     507.46630859      26.73425293     645.39276123     178.74955750
    309.99420166     152.29130554     393.12716675      14.36199379     539.25091553     145.61666870
    292.72994995     188.22421265     464.04922485      22.72099876     617.97344971     156.83206177
    215.13774109     128.79127502     321.24090576      16.02234459     416.77108765     116.10294342
    214.00585938     122.88735199     307.55288696      15.11142921     433.86221313     100.00659180
    238.88955688     147.90753174     366.04968262      18.46050644     505.96856689     118.43971252
    276.94613647     148.21487427     376.90557861      15.62931252     519.90985107     131.11483765
    248.16574097     166.17709351     407.29022217      21.54030418     509.27764893     149.10592651
    263.18145752     168.74990845     416.41436768      20.74099541     540.94732666     146.50846863
    214.42651367      90.15493011     240.32910156       8.39773560     319.09405518      99.91628265
    180.97111511     130.55937195     314.60083008      19.58649826     423.54336548     100.19803619
    243.22233582     156.40747070     385.72644043      19.83919334     491.78863525     139.38229370
    269.77777100     201.29884338     484.06192017      28.22817039     597.42425537     175.68444824
    282.77182007     211.19284058     507.81900024      29.29167557     634.38861084     181.19747925
    239.42558289     172.57473755     417.20501709      24.31611443     489.97500610     163.47941589
    238.08541870     170.04232788     412.03027344      23.64330482     493.27392578     157.26058960
    262.86529541     190.24246216     459.70321655      25.96472549     602.14880371     152.93432617
    230.30471802     170.17672729     409.27932739      24.80985260     479.20465088     160.34304810
    263.43679810     135.66934204     347.41409302      14.05685234     458.15737915     132.74234009
    284.06777954      98.77967834     275.93521118       5.47684956     364.35482788     128.32925415
    270.32839966     192.20135498     466.35684204      25.62825394     592.01904297     164.02148438
    291.26190186     208.32458496     504.67156982      27.37778854     675.79650879     162.54537964
    229.73171997     158.31613159     385.80307007      21.44682884     489.06973267     137.29052734
    276.95449829     199.05570984     482.22631836      26.71332169     593.87725830     176.93949890
    257.57904053     188.48526001     454.75454712      26.22494125     555.96209717     168.04328918
    290.22842407     213.35087585     514.68719482      29.07216263     636.94073486     186.54556274
    270.95141602     199.45223999     480.92831421      27.52482224     597.08215332     173.41882324
    276.67422485     198.49404907     480.76577759      26.79427528     578.63171387     182.47476196
    287.13491821     207.17916870     501.30630493      27.68056107     642.15258789     173.09187317
    228.23112488     159.67684937     388.15524292      22.09870529     455.25634766     153.19766235
    217.25508118     150.54818726     366.69378662      20.81509972     437.03057861     141.76362610
    244.20256042     176.13540649     425.78085327      24.33209801     554.27642822     143.24040222
    311.59161377     222.56661987     539.80474854      28.82002831     707.79589844     180.58988953
    287.97821045     197.93791199     483.28262329      25.19886780     610.21661377     172.96652222
    271.50341797     170.82080078     421.94750977      20.90623474     576.05895996     138.60916138
    298.34893799     208.40701294     507.46630859      26.73425293     645.39276123     178.74955750
    309.99420166     152.29130554     393.12716675      14.36199379     539.25091553     145.61666870
    292.72994995     188.22421265     464.04922485      22.72099876     617.97344971     156.83206177
    215.13774109     128.79127502     321.24090576      16.02234459     416.77108765     116.10294342
    214.00585938     122.88735199     307.55288696      15.11142921     433.86221313     100.00659180
    238.88955688     147.90753174     366.04968262      18.46050644     505.96856689     118.43971252
    276.94613647     148.21487427     376.90557861      15.62931252     519.90985107     131.11483765
    248.16574097     166.17709351     407.29022217      21.54030418     509.27764893     149.10592651
    263.18145752     168.74990845     416.41436768      20.74099541     540.94732666     146.50846863
    214.42651367      90.15493011     240.32910156       8.39773560     319.09405518      99.91628265
    180.97111511     130.55937195     314.60083008      19.58649826     423.54336548     100.19803619
    243.22233582     156.40747070     385.72644043      19.83919334     491.78863525     139.38229370
    269.77777100     201.29884338     484.06192017      28.22817039     597.42425537     175.68444824
    282.77182007     211.19284058     507.81900024      29.29167557     634.38861084     181.19747925
    239.42558289     172.57473755     417.20501709      24.31611443     489.97500610     163.47941589
    238.08541870     170.04232788     412.03027344      23.64330482     493.27392578     157.26058960
    262.86529541     190.24246216     459.70321655      25.96472549     602.14880371     152.93432617
    230.30471802     170.17672729     409.27932739      24.80985260     479.20465088     160.34304810
    263.43679810     135.66934204     347.41412354      14.05685425     458.15737915     132.74234009
    284.06781006      98.77967834     275.93521118       5.47684813     364.35485840     128.32928467
    270.32839966     192.20135498     466.35684204      25.62825394     592.01904297     164.02148438
    291.26190186     208.32461548     504.67156982      27.37778854     675.79650879     162.54537964
    229.73171997     158.31613159     385.80310059      21.44682884     489.06973267     137.29052734
    276.95449829     199.05570984     482.22631836      26.71332169     593.87725830     176.93949890
    257.57904053     188.48526001     454.75454712      26.22494125     555.96209717     168.04328918
    290.22842407     213.35087585     514.68719482      29.07216263     636.94073486     186.54556274
    270.95141602     199.45223999     480.92831421      27.52482224     597.08215332     173.41882324
    276.67422485     198.49404907     480.76577759      26.79427528     578.63171387     182.47476196
    287.13491821     207.17916870     501.30630493      27.68056107     642.15258789     173.09187317
    228.23112488     159.67684937     388.15524292      22.09870529     455.25634766     153.19766235
    217.25508118     150.54818726     366.69378662      20.81509972     437.03057861     141.76362610
    244.20256042     176.13540649     425.78085327      24.33209801     554.27642822     143.24040222
    311.59161377     222.56661987     539.80474854      28.82002831     707.79589844     180.58988953
    287.97821045     197.93791199     483.28262329      25.19886780     610.21661377     172.96652222
    271.50341797     170.82080078     421.94750977      20.90623474     576.05895996     138.60916138
    298.34893799     208.40701294     507.46630859      26.73425293     645.39276123     178.74955750
    309.99420166     152.29130554     393.12716675      14.36199379     539.25091553     145.61666870
    292.72994995     188.22421265     464.04922485      22.72099876     617.97344971     156.83206177
    215.13774109     128.79127502     321.24090576      16.02234459     416.77108765     116.10294342
    214.00585938     122.88735199     307.55288696      15.11142921     433.86221313     100.00659180
    238.88955688     147.90753174     366.04968262      18.46050644     505.96856689     118.43971252
    276.94613647     148.21487427     376.90557861      15.62931252     519.90985107     131.11483765
    248.16574097     166.17709351     407.29022217      21.54030418     509.27764893     149.10592651
    263.18145752     168.74990845     416.41436768      20.74099541     540.94732666     146.50846863
    214.42651367      90.15493011     240.32910156       8.39773560     319.09405518      99.91628265
    180.97111511     130.55937195     314.60083008      19.58649826     423.54336548     100.19803619
    243.22233582     156.40747070     385.72644043      19.83919334     491.78863525     139.38229370
    269.77777100     201.29884338     484.06192017      28.22817039     597.42425537     175.68444824
    282.77182007     211.19284058     507.81900024      29.29167557     634.38861084     181.19747925
    239.42558289     172.57473755     417.20501709      24.31611443     489.97500610     163.47941589
    238.08541870     170.04232788     412.03027344      23.64330482     493.27392578     157.26058960
    262.86529541     190.24243164     459.70321655      25.96472549     602.14880371     152.93431091
    230.30471802     170.17672729     409.27932739      24.80985260     479.20465088     160.34304810
    263.43679810     135.66934204     347.41409302      14.05685234     458.15737915     132.74234009
    284.06777954      98.77967834     275.93521118       5.47684956     364.35482788     128.32925415
    270.32839966     192.20135498     466.35684204      25.62825394     592.01904297     164.02148438
    291.26190186     208.32461548     504.67156982      27.37778854     675.79650879     162.54537964
    229.73171997     158.31613159     385.80310059      21.44682884     489.06973267     137.29052734
    276.95449829     199.05570984     482.22631836      26.71332169     593.87725830     176.93949890
    257.57904053     188.48526001     454.75454712      26.22494125     555.96209717     168.04328918
    290.22842407     213.35087585     514.68719482      29.07216263     636.94073486     186.54556274
    270.95141602     199.45223999     480.92831421      27.52482224     597.08215332     173.41882324
    276.67422485     198.49404907     480.76577759      26.79427528     578.63171387     182.47476196
    287.13491821     207.17916870     501.30630493      27.68056107     642.15258789     173.09187317
    228.23112488     159.67684937     388.15524292      22.09870529     455.25634766     153.19766235
    217.25508118     150.54818726     366.69378662      20.81509972     437.03057861     141.76362610
    244.20256042     176.13540649     425.78085327      24.33209801     554.27642822     143.24040222
    311.59161377     222.56661987     539.80474854      28.82002831     707.79589844     180.58988953
    287.97821045     197.93791199     483.28262329      25.19886780     610.21661377     172.96652222
    271.50341797     170.82080078     421.94750977      20.90623474     576.05895996     138.60916138
    298.34893799     208.40701294     507.46630859      26.73425293     645.39276123     178.74955750
    309.99420166     152.29130554     393.12716675      14.36199379     539.25091553     145.61666870
    292.72994995     188.22421265     464.04922485      22.72099876     617.97344971     156.83206177
    215.13774109     128.79127502     321.24090576      16.02234459     416.77108765     116.10294342
    214.00585938     122.88735199     307.55288696      15.11142921     433.86221313     100.00659180
    238.88955688     147.90753174     366.04968262      18.46050644     505.96856689     118.43971252
    276.94613647     148.21487427     376.90557861      15.62931252     519.90985107     131.11483765
    248.16574097     166.17709351     407.29022217      21.54030418     509.27764893     149.10592651
    263.18145752     168.74990845     416.41436768      20.74099541     540.94732666     146.50846863
    214.42651367      90.15493011     240.32910156       8.39773560     319.09405518      99.91628265
    180.97111511     130.55937195     314.60083008      19.58649826     423.54336548     100.19803619
    243.22233582     156.40747070     385.72644043      19.83919334     491.78863525     139.38229370
    269.77777100     201.29884338     484.06192017      28.22816849     597.42419434     175.68444824
    282.77185059     211.19284058     507.81900024      29.29167557     634.38861084     181.19750977
    239.42558289     172.57473755     417.20501709      24.31611443     489.97500610     163.47941589
    238.08541870     170.04232788     412.03027344      23.64330482     493.27392578     157.26058960
    262.86529541     190.24246216     459.70321655      25.96472549     602.14880371     152.93432617
    230.30471802     170.17672729     409.27932739      24.80985260     479.20465088     160.34304810
    263.43679810     135.66934204     347.41409302      14.05685234     458.15737915     132.74234009
    284.06777954      98.77967834     275.93521118       5.47684956     364.35482788     128.32925415
    270.32839966     192.20135498     466.35684204      25.62825394     592.01904297     164.02148438
    291.26190186     208.32461548     504.67156982      27.37778854     675.79650879     162.54537964
    229.73171997     158.31613159     385.80310059      21.44682884     489.06973267     137.29052734
    276.95449829     199.05570984     482.22631836      26.71332169     593.87725830     176.93949890
    257.57904053     188.48526001     454.75454712      26.22494125     555.96209717     168.04328918
    290.22842407     213.35087585     514.68719482      29.07216263     636.94073486     186.54556274
    270.95141602     199.45223999     480.92831421      27.52482224     597.08215332     173.41882324
    276.67422485     198.49404907     480.76577759      26.79427528     578.63171387     182.47476196
    287.13491821     207.17916870     501.30630493      27.68056107     642.15258789     173.09187317
    228.23112488     159.67684937     388.15524292      22.09870529     455.25634766     153.19766235
    217.25508118     150.54818726     366.69378662      20.81509972     437.03057861     141.76362610
    244.20256042     176.13540649     425.78085327      24.33209801     554.27642822     143.24040222
    330.27716064     161.45967102     416.12200928      14.72815514     618.95721436     135.64706421
    241.05029297     182.83761597     437.81689453      26.89748764     516.38165283     168.92686462
    334.44311523     158.77592468     410.12860107      14.29533386     658.56311035     117.72927094
    300.35839844     202.52877808     495.65103149      25.16030312     651.17871094     169.24179077
    325.70330811     215.00683594     527.92846680      25.77401733     713.54260254     173.93269348
    248.82705688     179.74635315     434.43975830      25.10352898     511.64056396     169.53514099
    306.15594482     212.23344421     517.35949707      26.99483299     643.32324219     189.29869080
    362.49734497     147.08126831     389.92050171      11.09900188     685.26989746     102.82546234
    222.80404663     163.21893311     393.26681519      23.70930290     461.40081787     153.77407837
    330.27716064     161.45967102     416.12200928      14.72815514     618.95721436     135.64706421
    241.05029297     182.83761597     437.81689453      26.89748764     516.38165283     168.92686462
    334.44311523     158.77592468     410.12860107      14.29533386     658.56311035     117.72927094
    300.35842896     202.52873230     495.65103149      25.16029930     651.17864990     169.24179077
    325.70330811     215.00683594     527.92846680      25.77402115     713.54266357     173.93269348
    248.82705688     179.74635315     434.43975830      25.10352898     511.64056396     169.53514099
    306.15594482     212.23344421     517.35949707      26.99483299     643.32324219     189.29869080
    362.49734497     147.08126831     389.92050171      11.09900188     685.26989746     102.82546234
    222.80404663     163.21893311     393.26681519      23.70930290     461.40081787     153.77407837
    330.27716064     161.45967102     416.12200928      14.72815514     618.95721436     135.64706421
    241.05029297     182.83761597     437.81689453      26.89748764     516.38165283     168.92686462
    334.44311523     158.77592468     410.12860107      14.29533386     658.56311035     117.72927094
    300.35839844     202.52877808     495.65103149      25.16030312     651.17871094     169.24179077
    325.70330811     215.00683594     527.92846680      25.77401733     713.54260254     173.93269348
    248.82705688     179.74635315     434.43975830      25.10352898     511.64056396     169.53514099
    306.15594482     212.23344421     517.35949707      26.99483299     643.32324219     189.29869080
    362.49734497     147.08126831     389.92050171      11.09900188     685.26989746     102.82546234
    222.80404663     163.21893311     393.26681519      23.70930290     461.40081787     153.77407837
    330.27716064     161.45967102     416.12200928      14.72815514     618.95721436     135.64706421
    241.05029297     182.83761597     437.81689453      26.89748764     516.38165283     168.92686462
    334.44311523     158.77592468     410.12860107      14.29533386     658.56311035     117.72927094
    300.35839844     202.52877808     495.65103149      25.16030312     651.17871094     169.24179077
    325.70330811     215.00683594     527.92846680      25.77401733     713.54260254     173.93269348
    248.82705688     179.74635315     434.43975830      25.10352898     511.64056396     169.53514099
    306.15594482     212.23344421     517.35949707      26.99483299     643.32324219     189.29869080
    362.49734497     147.08126831     389.92050171      11.09900188     685.26989746     102.82546234
    222.80404663     163.21893311     393.26681519      23.70930290     461.40081787     153.77407837
    330.27716064     161.45967102     416.12200928      14.72815514     618.95721436     135.64706421
    241.05029297     182.83761597     437.81689453      26.89748764     516.38165283     168.92686462
    334.44311523     158.77592468     410.12860107      14.29533386     658.56311035     117.72927094
    300.35839844     202.52877808     495.65103149      25.16030312     651.17871094     169.24179077
    325.70330811     215.00683594     527.92846680      25.77401733     713.54260254     173.93269348
    248.82705688     179.74635315     434.43975830      25.10352898     511.64056396     169.53514099
    306.15594482     212.23344421     517.35949707      26.99483299     643.32324219     189.29869080
    362.49734497     147.08126831     389.92050171      11.09900188     685.26989746     102.82546234
    222.80407715     163.21893311     393.26684570      23.70930290     461.40081787     153.77407837
    330.27719116     161.45968628     416.12200928      14.72815514     618.95721436     135.64706421
    241.05029297     182.83761597     437.81689453      26.89748764     516.38165283     168.92686462
    334.44311523     158.77592468     410.12860107      14.29533386     658.56311035     117.72927094
    300.35839844     202.52877808     495.65103149      25.16030312     651.17871094     169.24179077
    325.70330811     215.00683594     527.92846680      25.77401733     713.54260254     173.93269348
    248.82705688     179.74635315     434.43975830      25.10352898     511.64056396     169.53514099
    306.15594482     212.23344421     517.35949707      26.99483299     643.32324219     189.29869080
    362.49734497     147.08126831     389.92050171      11.09900188     685.26989746     102.82546234
    222.80404663     163.21893311     393.26681519      23.70930290     461.40081787     153.77407837
    330.27716064     161.45967102     416.12200928      14.72815514     618.95721436     135.64706421
    241.05029297     182.83761597     437.81689453      26.89748764     516.38165283     168.92686462
    334.44311523     158.77592468     410.12860107      14.29533386     658.56311035     117.72927094
    300.35839844     202.52877808     495.65103149      25.16030312     651.17871094     169.24179077
    325.70330811     215.00683594     527.92846680      25.77401733     713.54260254     173.93269348
    248.82705688     179.74635315     434.43975830      25.10352898     511.64056396     169.53514099
    306.15594482     212.23344421     517.35949707      26.99483299     643.32324219     189.29869080
    362.49734497     147.08126831     389.92050171      11.09900188     685.26989746     102.82546234
    222.80404663     163.21893311     393.26681519      23.70930290     461.40081787     153.77407837
    330.27716064     161.45967102     416.12200928      14.72815514     618.95721436     135.64706421
    241.05029297     182.83761597     437.81689453      26.89748764     516.38165283     168.92686462
    334.44311523     158.77592468     410.12860107      14.29533386     658.56311035     117.72927094
    300.35839844     202.52877808     495.65103149      25.16030312     651.17871094     169.24179077
    325.70330811     215.00683594     527.92846680      25.77401733     713.54260254     173.93269348
    248.82705688     179.74635315     434.43975830      25.10352898     511.64056396     169.53514099
    306.15594482     212.23344421     517.35949707      26.99483299     643.32324219     189.29869080
    362.49734497     147.08126831     389.92050171      11.09900188     685.26989746     102.82546234
    222.80404663     163.21893311     393.26681519      23.70930290     461.40081787     153.77407837
    330.27716064     161.45967102     416.12200928      14.72815514     618.95721436     135.64706421
    241.05029297     182.83761597     437.81689453      26.89748764     516.38165283     168.92686462
    334.44311523     158.77592468     410.12860107      14.29533386     658.56311035     117.72927094
    300.35839844     202.52877808     495.65103149      25.16030312     651.17871094     169.24179077
    325.70330811     215.00683594     527.92846680      25.77402115     713.54266357     173.93269348
    248.82710266     179.74636841     434.43975830      25.10352898     511.64062500     169.53515625
    306.15594482     212.23344421     517.35949707      26.99483299     643.32324219     189.29869080
    362.49734497     147.08126831     389.92050171      11.09900188     685.26989746     102.82546234
    222.80404663     163.21893311     393.26681519      23.70930290     461.40081787     153.77407837
    330.27716064     161.45967102     416.12200928      14.72815514     618.95721436     135.64706421
    241.05029297     182.83761597     437.81689453      26.89748764     516.38165283     168.92686462
    334.44311523     158.77592468     410.12860107      14.29533386     658.56311035     117.72927094
    300.35839844     202.52877808     495.65103149      25.16030312     651.17871094     169.24179077
    325.70330811     215.00683594     527.92846680      25.77401733     713.54260254     173.93269348
    248.82705688     179.74635315     434.43975830      25.10352898     511.64056396     169.53514099
    306.15594482     212.23344421     517.35949707      26.99483299     643.32324219     189.29869080
    362.49734497     147.08126831     389.92050171      11.09900188     685.26989746     102.82546234
    222.80404663     163.21893311     393.26681519      23.70930290     461.40081787     153.77407837
