0.22721842 -0.52797844 -0.02086506 0.17646803 -0.23073346 0.55681882 -0.03130895 0.83850471
0.28408480 1.15236434 -0.56895403 0.85829319 1.10266304 0.76081851 -0.98626072 0.83850471
-0.45791868 -2.14292484 0.84001504 -1.73691166 -2.00859546 -1.89117743 -1.94115520 -2.42321157
0.28408480 1.15236434 -0.33412585 0.97004722 1.10266304 0.76081851 -0.03130895 0.83850471
0.96922190 0.19757719 -0.84276369 0.71966797 -0.08257829 0.55681882 -0.03130895 0.83850471
2.51078039 0.54108028 -2.44757946 0.74905049 -0.08257829 0.25081929 -1.94115520 -2.42321157
0.45536908 -0.26639292 -0.30805992 0.50344275 -0.23073346 0.55681882 0.60530646 0.16190334
0.96922190 0.19757719 -1.07759187 0.55567834 -0.08257829 0.55681882 -0.98626072 0.83850471
0.13575262 0.76342798 -0.41232364 0.56974177 1.10266304 0.76081851 -0.41330112 1.36369138
-0.45791868 0.85016423 -0.15142953 0.63403173 0.95450788 0.76081851 0.60530646 0.16190334
0.45536908 -0.26639292 -0.62108589 0.32790103 -0.23073346 0.55681882 -0.66792437 0.16190334
0.45536908 -0.26639292 -0.09929767 0.50545181 -0.23073346 0.55681882 -0.66792437 0.16190334
1.02643085 0.29670434 -1.11680817 0.32689650 -0.08257829 0.25081929 -0.03130895 -0.79211519
-1.37154901 -0.81021545 1.10090915 -1.28462175 -0.82335412 -1.27917837 0.60530646 0.16190334
-0.45791868 -2.14292484 0.99664544 -1.31827353 -2.00859546 -1.48317805 1.87853729 -0.79211519
1.44504962 0.40478046 -1.50826675 0.83669578 -0.08257829 0.55681882 -1.94115520 0.16190334
-0.40105230 0.50321922 0.21396312 0.01850559 1.10266304 0.45481898 -0.03130895 0.83850471
0.91235552 0.09363137 -0.56895403 1.04664268 -0.23073346 0.55681882 -0.03130895 -0.79211519
-0.45791868 0.02754660 0.43305781 0.07425704 0.95450788 0.76081851 0.35068321 1.36369138
0.53176186 1.70238232 -1.03861039 1.22821159 1.10266304 0.76081851 -0.66792437 0.16190334
-0.45791868 0.85016423 0.05733272 0.62423756 0.95450788 0.76081851 -0.66792437 0.16190334
0.53176186 -0.08603658 -0.46445549 0.03834507 -0.08257829 0.25081929 -0.66792437 0.16190334
0.53176186 -0.08603658 -0.15142953 0.21187774 -0.08257829 0.25081929 0.60530646 0.16190334
0.96922190 0.19757719 -0.68636812 0.75156181 -0.08257829 0.55681882 -0.98626072 0.83850471
-0.38186846 1.01606452 0.52698908 0.39872043 1.10266304 0.45481898 0.60530646 0.16190334
-3.19846710 -1.14821148 2.24898412 -2.32883133 -1.41597479 -2.40117665 1.87853729 -2.42321157
-0.45791868 1.68173083 -0.33412585 1.22821159 0.95450788 0.76081851 -0.03130895 -0.79211519
-0.34384336 1.88136189 -0.09929767 0.87361228 1.10266304 0.45481898 -0.03130895 -0.79211519
1.02643085 0.29670434 -0.80378221 0.42232690 -0.08257829 0.25081929 -1.94115520 -0.79211519
-0.38186846 1.01606452 0.00520087 0.34573144 1.10266304 0.45481898 0.60530646 0.16190334
-0.45791868 -2.14292484 1.30967140 -1.78939839 -2.00859546 -1.89117743 -0.03130895 -0.79211519
0.91235552 0.09363137 -1.35163635 0.65688480 -0.23073346 0.55681882 -0.03130895 -0.79211519
1.44504962 0.40478046 -1.19500596 1.07552294 -0.08257829 0.55681882 -0.66792437 0.16190334
-0.45791868 0.35934719 0.48777277 0.31032174 0.95450788 0.76081851 -0.03130895 0.83850471
-1.82819289 -0.60920763 2.01415594 -2.25248700 -0.82335412 -2.29917680 1.87853729 -0.79211519
0.91235552 0.09363137 -1.03861039 0.76813657 -0.23073346 0.55681882 -1.94115520 -0.79211519
0.13575262 0.76342798 -0.09929767 0.65788933 1.10266304 0.76081851 -0.41330112 1.36369138
1.02643085 0.29670434 -0.33412585 0.69154111 -0.08257829 0.25081929 -0.03130895 -0.79211519
0.68386230 -0.00205386 -0.50625491 0.48234761 -0.08257829 0.55681882 -0.41330112 1.36369138
-0.45791868 -2.14292484 0.52698908 -1.42400037 -2.00859546 -1.48317805 -0.03130895 -0.79211519
-0.45791868 0.35934719 0.09654903 0.27340524 0.95450788 0.76081851 -0.03130895 0.83850471
-0.38186846 1.01606452 0.21396312 0.32212497 1.10266304 0.45481898 -0.66792437 0.16190334
0.13575262 0.76342798 -0.22446109 0.65839160 1.10266304 0.76081851 0.35068321 1.36369138
-1.82819289 -0.60920763 1.23147362 -1.13042630 -0.82335412 -1.27917837 1.87853729 -0.79211519
1.44504962 0.40478046 -1.71702900 0.73448479 -0.08257829 0.55681882 -0.66792437 0.16190334
-0.40105230 0.50321922 0.44879130 0.08681368 1.10266304 0.45481898 0.92364281 0.83850471
-1.82819289 -0.60920763 1.54449958 -1.59652851 -0.82335412 -1.68717774 -0.03130895 -0.79211519
-0.45791868 -2.14292484 0.94451358 -1.43781267 -2.00859546 -1.48317805 0.60530646 0.16190334
